1024  6716
1     1     1
4     1     1
5     1     1
6     1     1
678   1     1
680   1     1
700   1     1
701   1     1
703   1     1
714   1     1
717   1     1
723   1     1
764   1     1
2     2     1
3     2     1
4     2     1
6     2     1
755   2     1
756   2     1
760   2     1
763   2     1
909   2     1
910   2     1
943   2     1
2     3     1
3     3     1
4     3     1
755   3     1
1     4     1
2     4     1
3     4     1
4     4     1
5     4     1
6     4     1
1     5     1
4     5     1
5     5     1
678   5     1
1     6     1
2     6     1
4     6     1
6     6     1
759   6     1
763   6     1
764   6     1
7     7     1
8     7     1
9     7     1
10    7     1
13    7     1
14    7     1
19    7     1
21    7     1
771   7     1
773   7     1
785   7     1
7     8     1
8     8     1
9     8     1
13    8     1
7     9     1
8     9     1
9     9     1
10    9     1
7     10    1
9     10    1
10    10    1
19    10    1
11    11    1
12    11    1
13    11    1
14    11    1
692   11    1
695   11    1
696   11    1
697   11    1
767   11    1
768   11    1
784   11    1
11    12    1
12    12    1
13    12    1
691   12    1
693   12    1
695   12    1
7     13    1
8     13    1
11    13    1
12    13    1
13    13    1
14    13    1
7     14    1
11    14    1
13    14    1
14    14    1
782   14    1
784   14    1
785   14    1
15    15    1
16    15    1
17    15    1
18    15    1
685   15    1
690   15    1
707   15    1
710   15    1
737   15    1
738   15    1
741   15    1
743   15    1
747   15    1
749   15    1
871   15    1
872   15    1
879   15    1
882   15    1
893   15    1
898   15    1
996   15    1
15    16    1
16    16    1
17    16    1
993   16    1
994   16    1
996   16    1
15    17    1
16    17    1
17    17    1
18    17    1
15    18    1
17    18    1
18    18    1
682   18    1
686   18    1
690   18    1
7     19    1
10    19    1
19    19    1
20    19    1
21    19    1
22    19    1
19    20    1
20    20    1
22    20    1
23    20    1
7     21    1
19    21    1
21    21    1
22    21    1
771   21    1
19    22    1
20    22    1
21    22    1
22    22    1
23    22    1
24    22    1
25    22    1
27    22    1
771   22    1
772   22    1
778   22    1
20    23    1
22    23    1
23    23    1
24    23    1
22    24    1
23    24    1
24    24    1
25    24    1
22    25    1
24    25    1
25    25    1
26    25    1
27    25    1
28    25    1
25    26    1
26    26    1
28    26    1
30    26    1
22    27    1
25    27    1
27    27    1
28    27    1
775   27    1
778   27    1
779   27    1
25    28    1
26    28    1
27    28    1
28    28    1
30    28    1
32    28    1
776   28    1
779   28    1
830   28    1
29    29    1
30    29    1
31    29    1
32    29    1
37    29    1
38    29    1
789   29    1
792   29    1
796   29    1
799   29    1
805   29    1
809   29    1
831   29    1
26    30    1
28    30    1
29    30    1
30    30    1
31    30    1
32    30    1
29    31    1
30    31    1
31    31    1
37    31    1
28    32    1
29    32    1
30    32    1
32    32    1
828   32    1
830   32    1
831   32    1
33    33    1
34    33    1
35    33    1
36    33    1
37    33    1
38    33    1
793   33    1
33    34    1
34    34    1
35    34    1
37    34    1
33    35    1
34    35    1
35    35    1
36    35    1
33    36    1
35    36    1
36    36    1
787   36    1
790   36    1
793   36    1
29    37    1
31    37    1
33    37    1
34    37    1
37    37    1
38    37    1
29    38    1
33    38    1
37    38    1
38    38    1
787   38    1
792   38    1
793   38    1
39    39    1
42    39    1
43    39    1
44    39    1
49    39    1
50    39    1
178   39    1
179   39    1
185   39    1
190   39    1
298   39    1
300   39    1
307   39    1
310   39    1
457   39    1
458   39    1
598   39    1
40    40    1
41    40    1
42    40    1
44    40    1
452   40    1
453   40    1
454   40    1
457   40    1
459   40    1
616   40    1
619   40    1
624   40    1
646   40    1
648   40    1
801   40    1
802   40    1
804   40    1
807   40    1
811   40    1
812   40    1
814   40    1
826   40    1
1014  40    1
1017  40    1
1021  40    1
40    41    1
41    41    1
42    41    1
801   41    1
39    42    1
40    42    1
41    42    1
42    42    1
43    42    1
44    42    1
39    43    1
42    43    1
43    43    1
49    43    1
39    44    1
40    44    1
42    44    1
44    44    1
457   44    1
45    45    1
46    45    1
47    45    1
48    45    1
49    45    1
50    45    1
189   45    1
192   45    1
204   45    1
45    46    1
46    46    1
47    46    1
49    46    1
45    47    1
46    47    1
47    47    1
48    47    1
45    48    1
47    48    1
48    48    1
201   48    1
202   48    1
204   48    1
39    49    1
43    49    1
45    49    1
46    49    1
49    49    1
50    49    1
39    50    1
45    50    1
49    50    1
50    50    1
188   50    1
190   50    1
192   50    1
51    51    1
52    51    1
53    51    1
54    51    1
59    51    1
60    51    1
205   51    1
206   51    1
207   51    1
209   51    1
271   51    1
272   51    1
275   51    1
287   51    1
314   51    1
315   51    1
320   51    1
51    52    1
52    52    1
53    52    1
205   52    1
51    53    1
52    53    1
53    53    1
54    53    1
51    54    1
53    54    1
54    54    1
59    54    1
55    55    1
56    55    1
57    55    1
58    55    1
59    55    1
60    55    1
65    55    1
66    55    1
207   55    1
208   55    1
213   55    1
55    56    1
56    56    1
57    56    1
59    56    1
55    57    1
56    57    1
57    57    1
58    57    1
55    58    1
57    58    1
58    58    1
65    58    1
51    59    1
54    59    1
55    59    1
56    59    1
59    59    1
60    59    1
51    60    1
55    60    1
59    60    1
60    60    1
207   60    1
61    61    1
62    61    1
63    61    1
64    61    1
65    61    1
66    61    1
67    61    1
69    61    1
214   61    1
61    62    1
62    62    1
63    62    1
65    62    1
61    63    1
62    63    1
63    63    1
64    63    1
61    64    1
63    64    1
64    64    1
67    64    1
55    65    1
58    65    1
61    65    1
62    65    1
65    65    1
66    65    1
55    66    1
61    66    1
65    66    1
66    66    1
211   66    1
213   66    1
214   66    1
61    67    1
64    67    1
67    67    1
68    67    1
69    67    1
70    67    1
67    68    1
68    68    1
70    68    1
72    68    1
61    69    1
67    69    1
69    69    1
70    69    1
211   69    1
214   69    1
215   69    1
67    70    1
68    70    1
69    70    1
70    70    1
72    70    1
74    70    1
212   70    1
215   70    1
217   70    1
219   70    1
322   70    1
71    71    1
72    71    1
73    71    1
74    71    1
217   71    1
218   71    1
222   71    1
223   71    1
228   71    1
238   71    1
239   71    1
240   71    1
317   71    1
68    72    1
70    72    1
71    72    1
72    72    1
73    72    1
74    72    1
71    73    1
72    73    1
73    73    1
240   73    1
70    74    1
71    74    1
72    74    1
74    74    1
217   74    1
75    75    1
78    75    1
79    75    1
80    75    1
91    75    1
92    75    1
93    75    1
99    75    1
165   75    1
167   75    1
246   75    1
76    76    1
77    76    1
78    76    1
80    76    1
224   76    1
225   76    1
229   76    1
237   76    1
242   76    1
245   76    1
273   76    1
277   76    1
279   76    1
280   76    1
293   76    1
76    77    1
77    77    1
78    77    1
231   77    1
234   77    1
237   77    1
75    78    1
76    78    1
77    78    1
78    78    1
79    78    1
80    78    1
75    79    1
78    79    1
79    79    1
96    79    1
98    79    1
99    79    1
75    80    1
76    80    1
78    80    1
80    80    1
241   80    1
245   80    1
246   80    1
81    81    1
82    81    1
83    81    1
84    81    1
97    81    1
100   81    1
103   81    1
108   81    1
112   81    1
115   81    1
140   81    1
143   81    1
162   81    1
81    82    1
82    82    1
83    82    1
96    82    1
98    82    1
100   82    1
81    83    1
82    83    1
83    83    1
84    83    1
81    84    1
83    84    1
84    84    1
139   84    1
141   84    1
143   84    1
85    85    1
86    85    1
87    85    1
88    85    1
89    85    1
90    85    1
131   85    1
138   85    1
150   85    1
85    86    1
86    86    1
87    86    1
130   86    1
136   86    1
138   86    1
85    87    1
86    87    1
87    87    1
88    87    1
85    88    1
87    88    1
88    88    1
89    88    1
85    89    1
88    89    1
89    89    1
90    89    1
85    90    1
89    90    1
90    90    1
144   90    1
147   90    1
150   90    1
75    91    1
91    91    1
92    91    1
93    91    1
94    91    1
95    91    1
75    92    1
91    92    1
92    92    1
165   92    1
75    93    1
91    93    1
93    93    1
95    93    1
96    93    1
99    93    1
101   93    1
91    94    1
94    94    1
95    94    1
118   94    1
121   94    1
124   94    1
91    95    1
93    95    1
94    95    1
95    95    1
97    95    1
101   95    1
105   95    1
110   95    1
124   95    1
79    96    1
82    96    1
93    96    1
96    96    1
97    96    1
98    96    1
99    96    1
100   96    1
101   96    1
81    97    1
95    97    1
96    97    1
97    97    1
100   97    1
101   97    1
102   97    1
108   97    1
110   97    1
79    98    1
82    98    1
96    98    1
98    98    1
75    99    1
79    99    1
93    99    1
96    99    1
99    99    1
81    100   1
82    100   1
96    100   1
97    100   1
100   100   1
93    101   1
95    101   1
96    101   1
97    101   1
101   101   1
97    102   1
102   102   1
103   102   1
104   102   1
105   102   1
106   102   1
108   102   1
109   102   1
110   102   1
81    103   1
102   103   1
103   103   1
106   103   1
108   103   1
111   103   1
115   103   1
102   104   1
104   104   1
106   104   1
107   104   1
109   104   1
111   104   1
116   104   1
95    105   1
102   105   1
105   105   1
107   105   1
109   105   1
110   105   1
118   105   1
123   105   1
124   105   1
102   106   1
103   106   1
104   106   1
106   106   1
111   106   1
104   107   1
105   107   1
107   107   1
109   107   1
113   107   1
116   107   1
120   107   1
123   107   1
128   107   1
81    108   1
97    108   1
102   108   1
103   108   1
108   108   1
102   109   1
104   109   1
105   109   1
107   109   1
109   109   1
95    110   1
97    110   1
102   110   1
105   110   1
110   110   1
103   111   1
104   111   1
106   111   1
111   111   1
112   111   1
113   111   1
115   111   1
116   111   1
117   111   1
81    112   1
111   112   1
112   112   1
114   112   1
115   112   1
117   112   1
158   112   1
161   112   1
162   112   1
107   113   1
111   113   1
113   113   1
114   113   1
116   113   1
117   113   1
125   113   1
128   113   1
129   113   1
112   114   1
113   114   1
114   114   1
117   114   1
126   114   1
129   114   1
159   114   1
161   114   1
164   114   1
81    115   1
103   115   1
111   115   1
112   115   1
115   115   1
104   116   1
107   116   1
111   116   1
113   116   1
116   116   1
111   117   1
112   117   1
113   117   1
114   117   1
117   117   1
94    118   1
105   118   1
118   118   1
119   118   1
120   118   1
121   118   1
122   118   1
123   118   1
124   118   1
118   119   1
119   119   1
121   119   1
122   119   1
125   119   1
127   119   1
107   120   1
118   120   1
120   120   1
122   120   1
123   120   1
125   120   1
128   120   1
94    121   1
118   121   1
119   121   1
121   121   1
118   122   1
119   122   1
120   122   1
122   122   1
125   122   1
105   123   1
107   123   1
118   123   1
120   123   1
123   123   1
94    124   1
95    124   1
105   124   1
118   124   1
124   124   1
113   125   1
119   125   1
120   125   1
122   125   1
125   125   1
126   125   1
127   125   1
128   125   1
129   125   1
114   126   1
125   126   1
126   126   1
127   126   1
129   126   1
164   126   1
119   127   1
125   127   1
126   127   1
127   127   1
107   128   1
113   128   1
120   128   1
125   128   1
128   128   1
113   129   1
114   129   1
125   129   1
126   129   1
129   129   1
86    130   1
130   130   1
131   130   1
132   130   1
133   130   1
135   130   1
136   130   1
137   130   1
138   130   1
85    131   1
130   131   1
131   131   1
134   131   1
137   131   1
138   131   1
144   131   1
149   131   1
150   131   1
130   132   1
132   132   1
134   132   1
135   132   1
137   132   1
139   132   1
142   132   1
130   133   1
133   133   1
135   133   1
136   133   1
139   133   1
141   133   1
131   134   1
132   134   1
134   134   1
137   134   1
140   134   1
142   134   1
146   134   1
149   134   1
153   134   1
156   134   1
163   134   1
130   135   1
132   135   1
133   135   1
135   135   1
139   135   1
86    136   1
130   136   1
133   136   1
136   136   1
130   137   1
131   137   1
132   137   1
134   137   1
137   137   1
85    138   1
86    138   1
130   138   1
131   138   1
138   138   1
84    139   1
132   139   1
133   139   1
135   139   1
139   139   1
140   139   1
141   139   1
142   139   1
143   139   1
81    140   1
134   140   1
139   140   1
140   140   1
142   140   1
143   140   1
158   140   1
162   140   1
163   140   1
84    141   1
133   141   1
139   141   1
141   141   1
132   142   1
134   142   1
139   142   1
140   142   1
142   142   1
81    143   1
84    143   1
139   143   1
140   143   1
143   143   1
90    144   1
131   144   1
144   144   1
145   144   1
146   144   1
147   144   1
148   144   1
149   144   1
150   144   1
144   145   1
145   145   1
147   145   1
148   145   1
151   145   1
154   145   1
134   146   1
144   146   1
146   146   1
148   146   1
149   146   1
151   146   1
156   146   1
90    147   1
144   147   1
145   147   1
147   147   1
144   148   1
145   148   1
146   148   1
148   148   1
151   148   1
131   149   1
134   149   1
144   149   1
146   149   1
149   149   1
85    150   1
90    150   1
131   150   1
144   150   1
150   150   1
145   151   1
146   151   1
148   151   1
151   151   1
152   151   1
153   151   1
154   151   1
156   151   1
157   151   1
151   152   1
152   152   1
154   152   1
155   152   1
157   152   1
164   152   1
134   153   1
151   153   1
153   153   1
155   153   1
156   153   1
157   153   1
158   153   1
160   153   1
163   153   1
145   154   1
151   154   1
152   154   1
154   154   1
152   155   1
153   155   1
155   155   1
157   155   1
159   155   1
160   155   1
164   155   1
134   156   1
146   156   1
151   156   1
153   156   1
156   156   1
151   157   1
152   157   1
153   157   1
155   157   1
157   157   1
112   158   1
140   158   1
153   158   1
158   158   1
159   158   1
160   158   1
161   158   1
162   158   1
163   158   1
114   159   1
155   159   1
158   159   1
159   159   1
160   159   1
161   159   1
164   159   1
153   160   1
155   160   1
158   160   1
159   160   1
160   160   1
112   161   1
114   161   1
158   161   1
159   161   1
161   161   1
81    162   1
112   162   1
140   162   1
158   162   1
162   162   1
134   163   1
140   163   1
153   163   1
158   163   1
163   163   1
114   164   1
126   164   1
152   164   1
155   164   1
159   164   1
164   164   1
75    165   1
92    165   1
165   165   1
166   165   1
167   165   1
168   165   1
165   166   1
166   166   1
168   166   1
170   166   1
75    167   1
165   167   1
167   167   1
168   167   1
241   167   1
246   167   1
247   167   1
165   168   1
166   168   1
167   168   1
168   168   1
170   168   1
172   168   1
243   168   1
247   168   1
249   168   1
169   169   1
170   169   1
171   169   1
172   169   1
249   169   1
250   169   1
252   169   1
253   169   1
258   169   1
267   169   1
268   169   1
269   169   1
312   169   1
166   170   1
168   170   1
169   170   1
170   170   1
171   170   1
172   170   1
169   171   1
170   171   1
171   171   1
269   171   1
168   172   1
169   172   1
170   172   1
172   172   1
249   172   1
173   173   1
174   173   1
175   173   1
176   173   1
254   173   1
255   173   1
259   173   1
261   173   1
263   173   1
265   173   1
307   173   1
309   173   1
328   173   1
329   173   1
461   173   1
463   173   1
599   173   1
173   174   1
174   174   1
175   174   1
265   174   1
173   175   1
174   175   1
175   175   1
176   175   1
173   176   1
175   176   1
176   176   1
328   176   1
177   177   1
178   177   1
179   177   1
180   177   1
181   177   1
182   177   1
185   177   1
186   177   1
187   177   1
39    178   1
177   178   1
178   178   1
184   178   1
185   178   1
187   178   1
297   178   1
300   178   1
301   178   1
39    179   1
177   179   1
179   179   1
182   179   1
185   179   1
188   179   1
190   179   1
177   180   1
180   180   1
182   180   1
183   180   1
186   180   1
188   180   1
191   180   1
177   181   1
181   181   1
183   181   1
184   181   1
186   181   1
187   181   1
193   181   1
199   181   1
200   181   1
177   182   1
179   182   1
180   182   1
182   182   1
188   182   1
180   183   1
181   183   1
183   183   1
186   183   1
189   183   1
191   183   1
196   183   1
199   183   1
203   183   1
178   184   1
181   184   1
184   184   1
187   184   1
194   184   1
200   184   1
205   184   1
206   184   1
284   184   1
286   184   1
301   184   1
39    185   1
177   185   1
178   185   1
179   185   1
185   185   1
177   186   1
180   186   1
181   186   1
183   186   1
186   186   1
177   187   1
178   187   1
181   187   1
184   187   1
187   187   1
50    188   1
179   188   1
180   188   1
182   188   1
188   188   1
189   188   1
190   188   1
191   188   1
192   188   1
45    189   1
183   189   1
188   189   1
189   189   1
191   189   1
192   189   1
201   189   1
203   189   1
204   189   1
39    190   1
50    190   1
179   190   1
188   190   1
190   190   1
180   191   1
183   191   1
188   191   1
189   191   1
191   191   1
45    192   1
50    192   1
188   192   1
189   192   1
192   192   1
181   193   1
193   193   1
194   193   1
195   193   1
196   193   1
197   193   1
198   193   1
199   193   1
200   193   1
184   194   1
193   194   1
194   194   1
197   194   1
200   194   1
205   194   1
193   195   1
195   195   1
197   195   1
198   195   1
201   195   1
202   195   1
183   196   1
193   196   1
196   196   1
198   196   1
199   196   1
201   196   1
203   196   1
193   197   1
194   197   1
195   197   1
197   197   1
193   198   1
195   198   1
196   198   1
198   198   1
201   198   1
181   199   1
183   199   1
193   199   1
196   199   1
199   199   1
181   200   1
184   200   1
193   200   1
194   200   1
200   200   1
48    201   1
189   201   1
195   201   1
196   201   1
198   201   1
201   201   1
202   201   1
203   201   1
204   201   1
48    202   1
195   202   1
201   202   1
202   202   1
183   203   1
189   203   1
196   203   1
201   203   1
203   203   1
45    204   1
48    204   1
189   204   1
201   204   1
204   204   1
51    205   1
52    205   1
184   205   1
194   205   1
205   205   1
206   205   1
51    206   1
184   206   1
205   206   1
206   206   1
283   206   1
286   206   1
287   206   1
51    207   1
55    207   1
60    207   1
207   207   1
208   207   1
209   207   1
210   207   1
55    208   1
207   208   1
208   208   1
210   208   1
211   208   1
213   208   1
216   208   1
51    209   1
207   209   1
209   209   1
210   209   1
319   209   1
320   209   1
321   209   1
207   210   1
208   210   1
209   210   1
210   210   1
212   210   1
216   210   1
321   210   1
66    211   1
69    211   1
208   211   1
211   211   1
212   211   1
213   211   1
214   211   1
215   211   1
216   211   1
70    212   1
210   212   1
211   212   1
212   212   1
215   212   1
216   212   1
319   212   1
321   212   1
322   212   1
55    213   1
66    213   1
208   213   1
211   213   1
213   213   1
61    214   1
66    214   1
69    214   1
211   214   1
214   214   1
69    215   1
70    215   1
211   215   1
212   215   1
215   215   1
208   216   1
210   216   1
211   216   1
212   216   1
216   216   1
70    217   1
71    217   1
74    217   1
217   217   1
218   217   1
219   217   1
220   217   1
71    218   1
217   218   1
218   218   1
220   218   1
313   218   1
316   218   1
317   218   1
70    219   1
217   219   1
219   219   1
220   219   1
319   219   1
322   219   1
323   219   1
217   220   1
218   220   1
219   220   1
220   220   1
314   220   1
316   220   1
323   220   1
221   221   1
222   221   1
223   221   1
224   221   1
225   221   1
226   221   1
228   221   1
229   221   1
230   221   1
71    222   1
221   222   1
222   222   1
227   222   1
228   222   1
230   222   1
313   222   1
317   222   1
318   222   1
71    223   1
221   223   1
223   223   1
226   223   1
228   223   1
238   223   1
76    224   1
221   224   1
224   224   1
226   224   1
229   224   1
231   224   1
236   224   1
237   224   1
76    225   1
221   225   1
225   225   1
227   225   1
229   225   1
230   225   1
270   225   1
276   225   1
277   225   1
221   226   1
223   226   1
224   226   1
226   226   1
233   226   1
236   226   1
238   226   1
222   227   1
225   227   1
227   227   1
230   227   1
272   227   1
276   227   1
318   227   1
71    228   1
221   228   1
222   228   1
223   228   1
228   228   1
76    229   1
221   229   1
224   229   1
225   229   1
229   229   1
221   230   1
222   230   1
225   230   1
227   230   1
230   230   1
77    231   1
224   231   1
231   231   1
232   231   1
233   231   1
234   231   1
235   231   1
236   231   1
237   231   1
231   232   1
232   232   1
234   232   1
235   232   1
240   232   1
226   233   1
231   233   1
233   233   1
235   233   1
236   233   1
238   233   1
77    234   1
231   234   1
232   234   1
234   234   1
231   235   1
232   235   1
233   235   1
235   235   1
238   235   1
239   235   1
240   235   1
224   236   1
226   236   1
231   236   1
233   236   1
236   236   1
76    237   1
77    237   1
224   237   1
231   237   1
237   237   1
71    238   1
223   238   1
226   238   1
233   238   1
235   238   1
238   238   1
239   238   1
71    239   1
235   239   1
238   239   1
239   239   1
240   239   1
71    240   1
73    240   1
232   240   1
235   240   1
239   240   1
240   240   1
80    241   1
167   241   1
241   241   1
242   241   1
243   241   1
245   241   1
246   241   1
247   241   1
248   241   1
76    242   1
241   242   1
242   242   1
244   242   1
245   242   1
248   242   1
289   242   1
293   242   1
294   242   1
168   243   1
241   243   1
243   243   1
244   243   1
247   243   1
248   243   1
249   243   1
242   244   1
243   244   1
244   244   1
248   244   1
249   244   1
250   244   1
290   244   1
294   244   1
303   244   1
304   244   1
312   244   1
76    245   1
80    245   1
241   245   1
242   245   1
245   245   1
75    246   1
80    246   1
167   246   1
241   246   1
246   246   1
167   247   1
168   247   1
241   247   1
243   247   1
247   247   1
241   248   1
242   248   1
243   248   1
244   248   1
248   248   1
168   249   1
169   249   1
172   249   1
243   249   1
244   249   1
249   249   1
250   249   1
169   250   1
244   250   1
249   250   1
250   250   1
312   250   1
251   251   1
252   251   1
253   251   1
254   251   1
255   251   1
256   251   1
258   251   1
259   251   1
260   251   1
169   252   1
251   252   1
252   252   1
257   252   1
258   252   1
260   252   1
312   252   1
169   253   1
251   253   1
253   253   1
256   253   1
258   253   1
267   253   1
173   254   1
251   254   1
254   254   1
256   254   1
259   254   1
261   254   1
173   255   1
251   255   1
255   255   1
257   255   1
259   255   1
260   255   1
306   255   1
308   255   1
309   255   1
251   256   1
253   256   1
254   256   1
256   256   1
261   256   1
262   256   1
267   256   1
252   257   1
255   257   1
257   257   1
260   257   1
303   257   1
304   257   1
305   257   1
308   257   1
312   257   1
169   258   1
251   258   1
252   258   1
253   258   1
258   258   1
173   259   1
251   259   1
254   259   1
255   259   1
259   259   1
251   260   1
252   260   1
255   260   1
257   260   1
260   260   1
173   261   1
254   261   1
256   261   1
261   261   1
262   261   1
263   261   1
264   261   1
256   262   1
261   262   1
262   262   1
264   262   1
267   262   1
173   263   1
261   263   1
263   263   1
264   263   1
265   263   1
261   264   1
262   264   1
263   264   1
264   264   1
265   264   1
266   264   1
267   264   1
268   264   1
269   264   1
173   265   1
174   265   1
263   265   1
264   265   1
265   265   1
266   265   1
264   266   1
265   266   1
266   266   1
269   266   1
169   267   1
253   267   1
256   267   1
262   267   1
264   267   1
267   267   1
268   267   1
169   268   1
264   268   1
267   268   1
268   268   1
269   268   1
169   269   1
171   269   1
264   269   1
266   269   1
268   269   1
269   269   1
225   270   1
270   270   1
271   270   1
272   270   1
273   270   1
275   270   1
276   270   1
277   270   1
278   270   1
51    271   1
270   271   1
271   271   1
274   271   1
275   271   1
278   271   1
283   271   1
287   271   1
288   271   1
51    272   1
227   272   1
270   272   1
272   272   1
275   272   1
276   272   1
313   272   1
315   272   1
318   272   1
76    273   1
270   273   1
273   273   1
274   273   1
277   273   1
278   273   1
279   273   1
271   274   1
273   274   1
274   274   1
278   274   1
279   274   1
281   274   1
288   274   1
51    275   1
270   275   1
271   275   1
272   275   1
275   275   1
225   276   1
227   276   1
270   276   1
272   276   1
276   276   1
76    277   1
225   277   1
270   277   1
273   277   1
277   277   1
270   278   1
271   278   1
273   278   1
274   278   1
278   278   1
76    279   1
273   279   1
274   279   1
279   279   1
280   279   1
281   279   1
282   279   1
76    280   1
279   280   1
280   280   1
282   280   1
289   280   1
293   280   1
296   280   1
274   281   1
279   281   1
281   281   1
282   281   1
283   281   1
285   281   1
288   281   1
279   282   1
280   282   1
281   282   1
282   282   1
284   282   1
285   282   1
291   282   1
296   282   1
302   282   1
206   283   1
271   283   1
281   283   1
283   283   1
284   283   1
285   283   1
286   283   1
287   283   1
288   283   1
184   284   1
282   284   1
283   284   1
284   284   1
285   284   1
286   284   1
297   284   1
301   284   1
302   284   1
281   285   1
282   285   1
283   285   1
284   285   1
285   285   1
184   286   1
206   286   1
283   286   1
284   286   1
286   286   1
51    287   1
206   287   1
271   287   1
283   287   1
287   287   1
271   288   1
274   288   1
281   288   1
283   288   1
288   288   1
242   289   1
280   289   1
289   289   1
290   289   1
291   289   1
293   289   1
294   289   1
295   289   1
296   289   1
244   290   1
289   290   1
290   290   1
292   290   1
294   290   1
295   290   1
303   290   1
282   291   1
289   291   1
291   291   1
292   291   1
295   291   1
296   291   1
297   291   1
299   291   1
302   291   1
290   292   1
291   292   1
292   292   1
295   292   1
298   292   1
299   292   1
303   292   1
305   292   1
311   292   1
76    293   1
242   293   1
280   293   1
289   293   1
293   293   1
242   294   1
244   294   1
289   294   1
290   294   1
294   294   1
289   295   1
290   295   1
291   295   1
292   295   1
295   295   1
280   296   1
282   296   1
289   296   1
291   296   1
296   296   1
178   297   1
284   297   1
291   297   1
297   297   1
298   297   1
299   297   1
300   297   1
301   297   1
302   297   1
39    298   1
292   298   1
297   298   1
298   298   1
299   298   1
300   298   1
306   298   1
310   298   1
311   298   1
291   299   1
292   299   1
297   299   1
298   299   1
299   299   1
39    300   1
178   300   1
297   300   1
298   300   1
300   300   1
178   301   1
184   301   1
284   301   1
297   301   1
301   301   1
282   302   1
284   302   1
291   302   1
297   302   1
302   302   1
244   303   1
257   303   1
290   303   1
292   303   1
303   303   1
304   303   1
305   303   1
244   304   1
257   304   1
303   304   1
304   304   1
312   304   1
257   305   1
292   305   1
303   305   1
305   305   1
306   305   1
308   305   1
311   305   1
255   306   1
298   306   1
305   306   1
306   306   1
307   306   1
308   306   1
309   306   1
310   306   1
311   306   1
39    307   1
173   307   1
306   307   1
307   307   1
309   307   1
310   307   1
596   307   1
598   307   1
599   307   1
255   308   1
257   308   1
305   308   1
306   308   1
308   308   1
173   309   1
255   309   1
306   309   1
307   309   1
309   309   1
39    310   1
298   310   1
306   310   1
307   310   1
310   310   1
292   311   1
298   311   1
305   311   1
306   311   1
311   311   1
169   312   1
244   312   1
250   312   1
252   312   1
257   312   1
304   312   1
312   312   1
218   313   1
222   313   1
272   313   1
313   313   1
314   313   1
315   313   1
316   313   1
317   313   1
318   313   1
51    314   1
220   314   1
313   314   1
314   314   1
315   314   1
316   314   1
319   314   1
320   314   1
323   314   1
51    315   1
272   315   1
313   315   1
314   315   1
315   315   1
218   316   1
220   316   1
313   316   1
314   316   1
316   316   1
71    317   1
218   317   1
222   317   1
313   317   1
317   317   1
222   318   1
227   318   1
272   318   1
313   318   1
318   318   1
209   319   1
212   319   1
219   319   1
314   319   1
319   319   1
320   319   1
321   319   1
322   319   1
323   319   1
51    320   1
209   320   1
314   320   1
319   320   1
320   320   1
209   321   1
210   321   1
212   321   1
319   321   1
321   321   1
70    322   1
212   322   1
219   322   1
319   322   1
322   322   1
219   323   1
220   323   1
314   323   1
319   323   1
323   323   1
324   324   1
325   324   1
326   324   1
327   324   1
328   324   1
329   324   1
461   324   1
462   324   1
468   324   1
473   324   1
480   324   1
483   324   1
594   324   1
324   325   1
325   325   1
326   325   1
328   325   1
324   326   1
325   326   1
326   326   1
327   326   1
324   327   1
326   327   1
327   327   1
465   327   1
469   327   1
473   327   1
173   328   1
176   328   1
324   328   1
325   328   1
328   328   1
329   328   1
173   329   1
324   329   1
328   329   1
329   329   1
461   329   1
330   330   1
333   330   1
334   330   1
335   330   1
336   330   1
338   330   1
486   330   1
489   330   1
575   330   1
576   330   1
588   330   1
331   331   1
332   331   1
333   331   1
335   331   1
474   331   1
475   331   1
476   331   1
477   331   1
479   331   1
482   331   1
587   331   1
331   332   1
332   332   1
333   332   1
477   332   1
330   333   1
331   333   1
332   333   1
333   333   1
334   333   1
335   333   1
330   334   1
333   334   1
334   334   1
336   334   1
330   335   1
331   335   1
333   335   1
335   335   1
585   335   1
587   335   1
588   335   1
330   336   1
334   336   1
336   336   1
337   336   1
338   336   1
339   336   1
336   337   1
337   337   1
339   337   1
341   337   1
330   338   1
336   338   1
338   338   1
339   338   1
485   338   1
489   338   1
490   338   1
336   339   1
337   339   1
338   339   1
339   339   1
341   339   1
343   339   1
490   339   1
340   340   1
341   340   1
342   340   1
343   340   1
487   340   1
491   340   1
559   340   1
562   340   1
572   340   1
573   340   1
574   340   1
337   341   1
339   341   1
340   341   1
341   341   1
342   341   1
343   341   1
340   342   1
341   342   1
342   342   1
574   342   1
339   343   1
340   343   1
341   343   1
343   343   1
485   343   1
490   343   1
491   343   1
344   344   1
345   344   1
346   344   1
347   344   1
354   344   1
356   344   1
375   344   1
378   344   1
494   344   1
495   344   1
500   344   1
504   344   1
533   344   1
537   344   1
554   344   1
344   345   1
345   345   1
346   345   1
551   345   1
552   345   1
554   345   1
344   346   1
345   346   1
346   346   1
347   346   1
344   347   1
346   347   1
347   347   1
354   347   1
348   348   1
349   348   1
350   348   1
351   348   1
352   348   1
353   348   1
355   348   1
357   348   1
358   348   1
348   349   1
349   349   1
350   349   1
355   349   1
348   350   1
349   350   1
350   350   1
351   350   1
348   351   1
350   351   1
351   351   1
352   351   1
348   352   1
351   352   1
352   352   1
353   352   1
348   353   1
352   353   1
353   353   1
358   353   1
344   354   1
347   354   1
354   354   1
355   354   1
356   354   1
357   354   1
348   355   1
349   355   1
354   355   1
355   355   1
357   355   1
344   356   1
354   356   1
356   356   1
357   356   1
374   356   1
377   356   1
378   356   1
348   357   1
354   357   1
355   357   1
356   357   1
357   357   1
358   357   1
362   357   1
367   357   1
377   357   1
348   358   1
353   358   1
357   358   1
358   358   1
359   358   1
363   358   1
367   358   1
358   359   1
359   359   1
360   359   1
361   359   1
362   359   1
363   359   1
364   359   1
366   359   1
367   359   1
359   360   1
360   360   1
363   360   1
364   360   1
372   360   1
359   361   1
361   361   1
364   361   1
365   361   1
366   361   1
368   361   1
357   362   1
359   362   1
362   362   1
365   362   1
366   362   1
367   362   1
374   362   1
377   362   1
358   363   1
359   363   1
360   363   1
363   363   1
359   364   1
360   364   1
361   364   1
364   364   1
368   364   1
370   364   1
372   364   1
361   365   1
362   365   1
365   365   1
366   365   1
368   365   1
369   365   1
374   365   1
359   366   1
361   366   1
362   366   1
365   366   1
366   366   1
357   367   1
358   367   1
359   367   1
362   367   1
367   367   1
361   368   1
364   368   1
365   368   1
368   368   1
369   368   1
370   368   1
371   368   1
365   369   1
368   369   1
369   369   1
371   369   1
374   369   1
376   369   1
364   370   1
368   370   1
370   370   1
371   370   1
372   370   1
368   371   1
369   371   1
370   371   1
371   371   1
372   371   1
373   371   1
375   371   1
376   371   1
380   371   1
382   371   1
506   371   1
360   372   1
364   372   1
370   372   1
371   372   1
372   372   1
373   372   1
371   373   1
372   373   1
373   373   1
380   373   1
356   374   1
362   374   1
365   374   1
369   374   1
374   374   1
375   374   1
376   374   1
377   374   1
378   374   1
344   375   1
371   375   1
374   375   1
375   375   1
376   375   1
378   375   1
503   375   1
504   375   1
506   375   1
369   376   1
371   376   1
374   376   1
375   376   1
376   376   1
356   377   1
357   377   1
362   377   1
374   377   1
377   377   1
344   378   1
356   378   1
374   378   1
375   378   1
378   378   1
379   379   1
380   379   1
381   379   1
382   379   1
496   379   1
497   379   1
501   379   1
505   379   1
526   379   1
371   380   1
373   380   1
379   380   1
380   380   1
381   380   1
382   380   1
379   381   1
380   381   1
381   381   1
520   381   1
523   381   1
526   381   1
371   382   1
379   382   1
380   382   1
382   382   1
503   382   1
505   382   1
506   382   1
383   383   1
386   383   1
387   383   1
388   383   1
393   383   1
394   383   1
401   383   1
402   383   1
403   383   1
406   383   1
408   383   1
424   383   1
429   383   1
431   383   1
607   383   1
384   384   1
385   384   1
386   384   1
388   384   1
507   384   1
508   384   1
512   384   1
516   384   1
578   384   1
581   384   1
602   384   1
606   384   1
644   384   1
384   385   1
385   385   1
386   385   1
507   385   1
383   386   1
384   386   1
385   386   1
386   386   1
387   386   1
388   386   1
383   387   1
386   387   1
387   387   1
393   387   1
383   388   1
384   388   1
386   388   1
388   388   1
601   388   1
606   388   1
607   388   1
389   389   1
390   389   1
391   389   1
392   389   1
393   389   1
394   389   1
406   389   1
407   389   1
419   389   1
389   390   1
390   390   1
391   390   1
393   390   1
389   391   1
390   391   1
391   391   1
392   391   1
389   392   1
391   392   1
392   392   1
416   392   1
417   392   1
419   392   1
383   393   1
387   393   1
389   393   1
390   393   1
393   393   1
394   393   1
383   394   1
389   394   1
393   394   1
394   394   1
406   394   1
395   395   1
396   395   1
397   395   1
398   395   1
399   395   1
400   395   1
410   395   1
411   395   1
412   395   1
395   396   1
396   396   1
397   396   1
412   396   1
395   397   1
396   397   1
397   397   1
398   397   1
395   398   1
397   398   1
398   398   1
399   398   1
395   399   1
398   399   1
399   399   1
400   399   1
395   400   1
399   400   1
400   400   1
411   400   1
383   401   1
401   401   1
402   401   1
403   401   1
404   401   1
405   401   1
383   402   1
401   402   1
402   402   1
601   402   1
604   402   1
607   402   1
383   403   1
401   403   1
403   403   1
405   403   1
421   403   1
428   403   1
429   403   1
401   404   1
404   404   1
405   404   1
451   404   1
401   405   1
403   405   1
404   405   1
405   405   1
423   405   1
428   405   1
451   405   1
383   406   1
389   406   1
394   406   1
406   406   1
407   406   1
408   406   1
409   406   1
389   407   1
406   407   1
407   407   1
409   407   1
416   407   1
418   407   1
419   407   1
383   408   1
406   408   1
408   408   1
409   408   1
431   408   1
406   409   1
407   409   1
408   409   1
409   409   1
413   409   1
414   409   1
415   409   1
418   409   1
431   409   1
432   409   1
436   409   1
441   409   1
449   409   1
395   410   1
410   410   1
411   410   1
412   410   1
413   410   1
415   410   1
420   410   1
395   411   1
400   411   1
410   411   1
411   411   1
413   411   1
395   412   1
396   412   1
410   412   1
412   412   1
416   412   1
417   412   1
420   412   1
409   413   1
410   413   1
411   413   1
413   413   1
414   413   1
415   413   1
409   414   1
413   414   1
414   414   1
433   414   1
437   414   1
441   414   1
409   415   1
410   415   1
413   415   1
415   415   1
416   415   1
418   415   1
420   415   1
392   416   1
407   416   1
412   416   1
415   416   1
416   416   1
417   416   1
418   416   1
419   416   1
420   416   1
392   417   1
412   417   1
416   417   1
417   417   1
407   418   1
409   418   1
415   418   1
416   418   1
418   418   1
389   419   1
392   419   1
407   419   1
416   419   1
419   419   1
410   420   1
412   420   1
415   420   1
416   420   1
420   420   1
403   421   1
421   421   1
422   421   1
423   421   1
424   421   1
427   421   1
428   421   1
429   421   1
430   421   1
421   422   1
422   422   1
425   422   1
426   422   1
427   422   1
430   422   1
447   422   1
448   422   1
450   422   1
405   423   1
421   423   1
423   423   1
425   423   1
427   423   1
428   423   1
451   423   1
383   424   1
421   424   1
424   424   1
426   424   1
429   424   1
430   424   1
431   424   1
422   425   1
423   425   1
425   425   1
427   425   1
442   425   1
443   425   1
444   425   1
445   425   1
446   425   1
448   425   1
451   425   1
422   426   1
424   426   1
426   426   1
430   426   1
431   426   1
432   426   1
450   426   1
421   427   1
422   427   1
423   427   1
425   427   1
427   427   1
403   428   1
405   428   1
421   428   1
423   428   1
428   428   1
383   429   1
403   429   1
421   429   1
424   429   1
429   429   1
421   430   1
422   430   1
424   430   1
426   430   1
430   430   1
383   431   1
408   431   1
409   431   1
424   431   1
426   431   1
431   431   1
432   431   1
409   432   1
426   432   1
431   432   1
432   432   1
447   432   1
449   432   1
450   432   1
414   433   1
433   433   1
434   433   1
435   433   1
436   433   1
437   433   1
438   433   1
440   433   1
441   433   1
433   434   1
434   434   1
437   434   1
438   434   1
445   434   1
433   435   1
435   435   1
438   435   1
439   435   1
440   435   1
442   435   1
409   436   1
433   436   1
436   436   1
439   436   1
440   436   1
441   436   1
447   436   1
449   436   1
414   437   1
433   437   1
434   437   1
437   437   1
433   438   1
434   438   1
435   438   1
438   438   1
442   438   1
444   438   1
445   438   1
435   439   1
436   439   1
439   439   1
440   439   1
442   439   1
443   439   1
447   439   1
433   440   1
435   440   1
436   440   1
439   440   1
440   440   1
409   441   1
414   441   1
433   441   1
436   441   1
441   441   1
425   442   1
435   442   1
438   442   1
439   442   1
442   442   1
443   442   1
444   442   1
425   443   1
439   443   1
442   443   1
443   443   1
447   443   1
448   443   1
425   444   1
438   444   1
442   444   1
444   444   1
445   444   1
425   445   1
434   445   1
438   445   1
444   445   1
445   445   1
446   445   1
425   446   1
445   446   1
446   446   1
451   446   1
422   447   1
432   447   1
436   447   1
439   447   1
443   447   1
447   447   1
448   447   1
449   447   1
450   447   1
422   448   1
425   448   1
443   448   1
447   448   1
448   448   1
409   449   1
432   449   1
436   449   1
447   449   1
449   449   1
422   450   1
426   450   1
432   450   1
447   450   1
450   450   1
404   451   1
405   451   1
423   451   1
425   451   1
446   451   1
451   451   1
40    452   1
452   452   1
453   452   1
454   452   1
455   452   1
456   452   1
40    453   1
452   453   1
453   453   1
646   453   1
40    454   1
452   454   1
454   454   1
456   454   1
615   454   1
619   454   1
621   454   1
452   455   1
455   455   1
456   455   1
645   455   1
452   456   1
454   456   1
455   456   1
456   456   1
609   456   1
610   456   1
611   456   1
621   456   1
645   456   1
39    457   1
40    457   1
44    457   1
457   457   1
458   457   1
459   457   1
460   457   1
39    458   1
457   458   1
458   458   1
460   458   1
596   458   1
597   458   1
598   458   1
40    459   1
457   459   1
459   459   1
460   459   1
622   459   1
624   459   1
626   459   1
457   460   1
458   460   1
459   460   1
460   460   1
578   460   1
579   460   1
582   460   1
591   460   1
592   460   1
597   460   1
623   460   1
626   460   1
628   460   1
631   460   1
635   460   1
636   460   1
644   460   1
173   461   1
324   461   1
329   461   1
461   461   1
462   461   1
463   461   1
464   461   1
324   462   1
461   462   1
462   462   1
464   462   1
590   462   1
593   462   1
594   462   1
173   463   1
461   463   1
463   463   1
464   463   1
596   463   1
599   463   1
600   463   1
461   464   1
462   464   1
463   464   1
464   464   1
591   464   1
593   464   1
600   464   1
327   465   1
465   465   1
466   465   1
467   465   1
468   465   1
469   465   1
470   465   1
472   465   1
473   465   1
465   466   1
466   466   1
469   466   1
470   466   1
477   466   1
465   467   1
467   467   1
470   467   1
471   467   1
472   467   1
474   467   1
324   468   1
465   468   1
468   468   1
471   468   1
472   468   1
473   468   1
478   468   1
483   468   1
327   469   1
465   469   1
466   469   1
469   469   1
465   470   1
466   470   1
467   470   1
470   470   1
474   470   1
476   470   1
477   470   1
467   471   1
468   471   1
471   471   1
472   471   1
474   471   1
475   471   1
478   471   1
465   472   1
467   472   1
468   472   1
471   472   1
472   472   1
324   473   1
327   473   1
465   473   1
468   473   1
473   473   1
331   474   1
467   474   1
470   474   1
471   474   1
474   474   1
475   474   1
476   474   1
331   475   1
471   475   1
474   475   1
475   475   1
478   475   1
482   475   1
331   476   1
470   476   1
474   476   1
476   476   1
477   476   1
331   477   1
332   477   1
466   477   1
470   477   1
476   477   1
477   477   1
468   478   1
471   478   1
475   478   1
478   478   1
479   478   1
480   478   1
482   478   1
483   478   1
484   478   1
331   479   1
478   479   1
479   479   1
481   479   1
482   479   1
484   479   1
585   479   1
586   479   1
587   479   1
324   480   1
478   480   1
480   480   1
481   480   1
483   480   1
484   480   1
590   480   1
594   480   1
595   480   1
479   481   1
480   481   1
481   481   1
484   481   1
579   481   1
580   481   1
583   481   1
586   481   1
595   481   1
331   482   1
475   482   1
478   482   1
479   482   1
482   482   1
324   483   1
468   483   1
478   483   1
480   483   1
483   483   1
478   484   1
479   484   1
480   484   1
481   484   1
484   484   1
338   485   1
343   485   1
485   485   1
486   485   1
487   485   1
489   485   1
490   485   1
491   485   1
492   485   1
330   486   1
485   486   1
486   486   1
488   486   1
489   486   1
492   486   1
575   486   1
340   487   1
485   487   1
487   487   1
488   487   1
491   487   1
492   487   1
558   487   1
562   487   1
564   487   1
486   488   1
487   488   1
488   488   1
492   488   1
555   488   1
556   488   1
557   488   1
564   488   1
575   488   1
330   489   1
338   489   1
485   489   1
486   489   1
489   489   1
338   490   1
339   490   1
343   490   1
485   490   1
490   490   1
340   491   1
343   491   1
485   491   1
487   491   1
491   491   1
485   492   1
486   492   1
487   492   1
488   492   1
492   492   1
493   493   1
494   493   1
495   493   1
496   493   1
497   493   1
498   493   1
500   493   1
501   493   1
502   493   1
344   494   1
493   494   1
494   494   1
499   494   1
500   494   1
502   494   1
531   494   1
537   494   1
538   494   1
344   495   1
493   495   1
495   495   1
498   495   1
500   495   1
503   495   1
504   495   1
379   496   1
493   496   1
496   496   1
498   496   1
501   496   1
503   496   1
505   496   1
379   497   1
493   497   1
497   497   1
499   497   1
501   497   1
502   497   1
520   497   1
525   497   1
526   497   1
493   498   1
495   498   1
496   498   1
498   498   1
503   498   1
494   499   1
497   499   1
499   499   1
502   499   1
513   499   1
514   499   1
518   499   1
522   499   1
525   499   1
529   499   1
538   499   1
344   500   1
493   500   1
494   500   1
495   500   1
500   500   1
379   501   1
493   501   1
496   501   1
497   501   1
501   501   1
493   502   1
494   502   1
497   502   1
499   502   1
502   502   1
375   503   1
382   503   1
495   503   1
496   503   1
498   503   1
503   503   1
504   503   1
505   503   1
506   503   1
344   504   1
375   504   1
495   504   1
503   504   1
504   504   1
379   505   1
382   505   1
496   505   1
503   505   1
505   505   1
371   506   1
375   506   1
382   506   1
503   506   1
506   506   1
384   507   1
385   507   1
507   507   1
508   507   1
509   507   1
510   507   1
384   508   1
507   508   1
508   508   1
510   508   1
511   508   1
516   508   1
519   508   1
507   509   1
509   509   1
510   509   1
527   509   1
528   509   1
530   509   1
507   510   1
508   510   1
509   510   1
510   510   1
514   510   1
519   510   1
530   510   1
508   511   1
511   511   1
512   511   1
513   511   1
514   511   1
516   511   1
517   511   1
518   511   1
519   511   1
384   512   1
511   512   1
512   512   1
515   512   1
516   512   1
517   512   1
577   512   1
581   512   1
584   512   1
499   513   1
511   513   1
513   513   1
515   513   1
517   513   1
518   513   1
531   513   1
535   513   1
538   513   1
499   514   1
510   514   1
511   514   1
514   514   1
518   514   1
519   514   1
527   514   1
529   514   1
530   514   1
512   515   1
513   515   1
515   515   1
517   515   1
532   515   1
535   515   1
539   515   1
540   515   1
555   515   1
556   515   1
575   515   1
576   515   1
580   515   1
584   515   1
589   515   1
384   516   1
508   516   1
511   516   1
512   516   1
516   516   1
511   517   1
512   517   1
513   517   1
515   517   1
517   517   1
499   518   1
511   518   1
513   518   1
514   518   1
518   518   1
508   519   1
510   519   1
511   519   1
514   519   1
519   519   1
381   520   1
497   520   1
520   520   1
521   520   1
522   520   1
523   520   1
524   520   1
525   520   1
526   520   1
520   521   1
521   521   1
523   521   1
524   521   1
527   521   1
528   521   1
499   522   1
520   522   1
522   522   1
524   522   1
525   522   1
527   522   1
529   522   1
381   523   1
520   523   1
521   523   1
523   523   1
520   524   1
521   524   1
522   524   1
524   524   1
527   524   1
497   525   1
499   525   1
520   525   1
522   525   1
525   525   1
379   526   1
381   526   1
497   526   1
520   526   1
526   526   1
509   527   1
514   527   1
521   527   1
522   527   1
524   527   1
527   527   1
528   527   1
529   527   1
530   527   1
509   528   1
521   528   1
527   528   1
528   528   1
499   529   1
514   529   1
522   529   1
527   529   1
529   529   1
509   530   1
510   530   1
514   530   1
527   530   1
530   530   1
494   531   1
513   531   1
531   531   1
532   531   1
533   531   1
535   531   1
536   531   1
537   531   1
538   531   1
515   532   1
531   532   1
532   532   1
534   532   1
535   532   1
536   532   1
539   532   1
344   533   1
531   533   1
533   533   1
534   533   1
536   533   1
537   533   1
551   533   1
553   533   1
554   533   1
532   534   1
533   534   1
534   534   1
536   534   1
539   534   1
541   534   1
546   534   1
549   534   1
553   534   1
513   535   1
515   535   1
531   535   1
532   535   1
535   535   1
531   536   1
532   536   1
533   536   1
534   536   1
536   536   1
344   537   1
494   537   1
531   537   1
533   537   1
537   537   1
494   538   1
499   538   1
513   538   1
531   538   1
538   538   1
515   539   1
532   539   1
534   539   1
539   539   1
540   539   1
541   539   1
542   539   1
515   540   1
539   540   1
540   540   1
542   540   1
555   540   1
534   541   1
539   541   1
541   541   1
542   541   1
543   541   1
549   541   1
550   541   1
539   542   1
540   542   1
541   542   1
542   542   1
544   542   1
550   542   1
555   542   1
557   542   1
560   542   1
563   542   1
571   542   1
541   543   1
543   543   1
544   543   1
545   543   1
546   543   1
547   543   1
548   543   1
549   543   1
550   543   1
542   544   1
543   544   1
544   544   1
547   544   1
550   544   1
565   544   1
568   544   1
571   544   1
543   545   1
545   545   1
547   545   1
548   545   1
551   545   1
552   545   1
534   546   1
543   546   1
546   546   1
548   546   1
549   546   1
551   546   1
553   546   1
543   547   1
544   547   1
545   547   1
547   547   1
543   548   1
545   548   1
546   548   1
548   548   1
551   548   1
534   549   1
541   549   1
543   549   1
546   549   1
549   549   1
541   550   1
542   550   1
543   550   1
544   550   1
550   550   1
345   551   1
533   551   1
545   551   1
546   551   1
548   551   1
551   551   1
552   551   1
553   551   1
554   551   1
345   552   1
545   552   1
551   552   1
552   552   1
533   553   1
534   553   1
546   553   1
551   553   1
553   553   1
344   554   1
345   554   1
533   554   1
551   554   1
554   554   1
488   555   1
515   555   1
540   555   1
542   555   1
555   555   1
556   555   1
557   555   1
488   556   1
515   556   1
555   556   1
556   556   1
575   556   1
488   557   1
542   557   1
555   557   1
557   557   1
558   557   1
563   557   1
564   557   1
487   558   1
557   558   1
558   558   1
559   558   1
560   558   1
561   558   1
562   558   1
563   558   1
564   558   1
340   559   1
558   559   1
559   559   1
561   559   1
562   559   1
572   559   1
542   560   1
558   560   1
560   560   1
561   560   1
563   560   1
565   560   1
570   560   1
571   560   1
558   561   1
559   561   1
560   561   1
561   561   1
567   561   1
570   561   1
572   561   1
340   562   1
487   562   1
558   562   1
559   562   1
562   562   1
542   563   1
557   563   1
558   563   1
560   563   1
563   563   1
487   564   1
488   564   1
557   564   1
558   564   1
564   564   1
544   565   1
560   565   1
565   565   1
566   565   1
567   565   1
568   565   1
569   565   1
570   565   1
571   565   1
565   566   1
566   566   1
568   566   1
569   566   1
574   566   1
561   567   1
565   567   1
567   567   1
569   567   1
570   567   1
572   567   1
544   568   1
565   568   1
566   568   1
568   568   1
565   569   1
566   569   1
567   569   1
569   569   1
572   569   1
573   569   1
574   569   1
560   570   1
561   570   1
565   570   1
567   570   1
570   570   1
542   571   1
544   571   1
560   571   1
565   571   1
571   571   1
340   572   1
559   572   1
561   572   1
567   572   1
569   572   1
572   572   1
573   572   1
340   573   1
569   573   1
572   573   1
573   573   1
574   573   1
340   574   1
342   574   1
566   574   1
569   574   1
573   574   1
574   574   1
330   575   1
486   575   1
488   575   1
515   575   1
556   575   1
575   575   1
576   575   1
330   576   1
515   576   1
575   576   1
576   576   1
585   576   1
588   576   1
589   576   1
512   577   1
577   577   1
578   577   1
579   577   1
580   577   1
581   577   1
582   577   1
583   577   1
584   577   1
384   578   1
460   578   1
577   578   1
578   578   1
581   578   1
582   578   1
644   578   1
460   579   1
481   579   1
577   579   1
579   579   1
582   579   1
583   579   1
590   579   1
592   579   1
595   579   1
481   580   1
515   580   1
577   580   1
580   580   1
583   580   1
584   580   1
585   580   1
586   580   1
589   580   1
384   581   1
512   581   1
577   581   1
578   581   1
581   581   1
460   582   1
577   582   1
578   582   1
579   582   1
582   582   1
481   583   1
577   583   1
579   583   1
580   583   1
583   583   1
512   584   1
515   584   1
577   584   1
580   584   1
584   584   1
335   585   1
479   585   1
576   585   1
580   585   1
585   585   1
586   585   1
587   585   1
588   585   1
589   585   1
479   586   1
481   586   1
580   586   1
585   586   1
586   586   1
331   587   1
335   587   1
479   587   1
585   587   1
587   587   1
330   588   1
335   588   1
576   588   1
585   588   1
588   588   1
515   589   1
576   589   1
580   589   1
585   589   1
589   589   1
462   590   1
480   590   1
579   590   1
590   590   1
591   590   1
592   590   1
593   590   1
594   590   1
595   590   1
460   591   1
464   591   1
590   591   1
591   591   1
592   591   1
593   591   1
596   591   1
597   591   1
600   591   1
460   592   1
579   592   1
590   592   1
591   592   1
592   592   1
462   593   1
464   593   1
590   593   1
591   593   1
593   593   1
324   594   1
462   594   1
480   594   1
590   594   1
594   594   1
480   595   1
481   595   1
579   595   1
590   595   1
595   595   1
307   596   1
458   596   1
463   596   1
591   596   1
596   596   1
597   596   1
598   596   1
599   596   1
600   596   1
458   597   1
460   597   1
591   597   1
596   597   1
597   597   1
39    598   1
307   598   1
458   598   1
596   598   1
598   598   1
173   599   1
307   599   1
463   599   1
596   599   1
599   599   1
463   600   1
464   600   1
591   600   1
596   600   1
600   600   1
388   601   1
402   601   1
601   601   1
602   601   1
603   601   1
604   601   1
606   601   1
607   601   1
608   601   1
384   602   1
601   602   1
602   602   1
605   602   1
606   602   1
608   602   1
644   602   1
601   603   1
603   603   1
604   603   1
605   603   1
608   603   1
638   603   1
640   603   1
641   603   1
402   604   1
601   604   1
603   604   1
604   604   1
602   605   1
603   605   1
605   605   1
608   605   1
635   605   1
636   605   1
637   605   1
641   605   1
644   605   1
384   606   1
388   606   1
601   606   1
602   606   1
606   606   1
383   607   1
388   607   1
402   607   1
601   607   1
607   607   1
601   608   1
602   608   1
603   608   1
605   608   1
608   608   1
456   609   1
609   609   1
610   609   1
611   609   1
612   609   1
613   609   1
614   609   1
456   610   1
609   610   1
610   610   1
613   610   1
645   610   1
456   611   1
609   611   1
611   611   1
614   611   1
615   611   1
620   611   1
621   611   1
609   612   1
612   612   1
613   612   1
614   612   1
627   612   1
633   612   1
634   612   1
609   613   1
610   613   1
612   613   1
613   613   1
629   613   1
633   613   1
639   613   1
642   613   1
645   613   1
609   614   1
611   614   1
612   614   1
614   614   1
617   614   1
620   614   1
623   614   1
625   614   1
634   614   1
454   615   1
611   615   1
615   615   1
616   615   1
617   615   1
618   615   1
619   615   1
620   615   1
621   615   1
40    616   1
615   616   1
616   616   1
618   616   1
619   616   1
622   616   1
624   616   1
614   617   1
615   617   1
617   617   1
618   617   1
620   617   1
622   617   1
625   617   1
615   618   1
616   618   1
617   618   1
618   618   1
622   618   1
40    619   1
454   619   1
615   619   1
616   619   1
619   619   1
611   620   1
614   620   1
615   620   1
617   620   1
620   620   1
454   621   1
456   621   1
611   621   1
615   621   1
621   621   1
459   622   1
616   622   1
617   622   1
618   622   1
622   622   1
623   622   1
624   622   1
625   622   1
626   622   1
460   623   1
614   623   1
622   623   1
623   623   1
625   623   1
626   623   1
627   623   1
631   623   1
634   623   1
40    624   1
459   624   1
616   624   1
622   624   1
624   624   1
614   625   1
617   625   1
622   625   1
623   625   1
625   625   1
459   626   1
460   626   1
622   626   1
623   626   1
626   626   1
612   627   1
623   627   1
627   627   1
628   627   1
629   627   1
631   627   1
632   627   1
633   627   1
634   627   1
460   628   1
627   628   1
628   628   1
630   628   1
631   628   1
632   628   1
635   628   1
613   629   1
627   629   1
629   629   1
630   629   1
632   629   1
633   629   1
638   629   1
642   629   1
643   629   1
628   630   1
629   630   1
630   630   1
632   630   1
635   630   1
637   630   1
643   630   1
460   631   1
623   631   1
627   631   1
628   631   1
631   631   1
627   632   1
628   632   1
629   632   1
630   632   1
632   632   1
612   633   1
613   633   1
627   633   1
629   633   1
633   633   1
612   634   1
614   634   1
623   634   1
627   634   1
634   634   1
460   635   1
605   635   1
628   635   1
630   635   1
635   635   1
636   635   1
637   635   1
460   636   1
605   636   1
635   636   1
636   636   1
644   636   1
605   637   1
630   637   1
635   637   1
637   637   1
638   637   1
641   637   1
643   637   1
603   638   1
629   638   1
637   638   1
638   638   1
639   638   1
640   638   1
641   638   1
642   638   1
643   638   1
613   639   1
638   639   1
639   639   1
640   639   1
642   639   1
645   639   1
603   640   1
638   640   1
639   640   1
640   640   1
603   641   1
605   641   1
637   641   1
638   641   1
641   641   1
613   642   1
629   642   1
638   642   1
639   642   1
642   642   1
629   643   1
630   643   1
637   643   1
638   643   1
643   643   1
384   644   1
460   644   1
578   644   1
602   644   1
605   644   1
636   644   1
644   644   1
455   645   1
456   645   1
610   645   1
613   645   1
639   645   1
645   645   1
40    646   1
453   646   1
646   646   1
647   646   1
648   646   1
649   646   1
646   647   1
647   647   1
649   647   1
651   647   1
40    648   1
646   648   1
648   648   1
649   648   1
1020  648   1
1021  648   1
1023  648   1
646   649   1
647   649   1
648   649   1
649   649   1
651   649   1
653   649   1
833   649   1
835   649   1
1023  649   1
650   650   1
651   650   1
652   650   1
653   650   1
833   650   1
834   650   1
840   650   1
845   650   1
913   650   1
914   650   1
930   650   1
647   651   1
649   651   1
650   651   1
651   651   1
652   651   1
653   651   1
650   652   1
651   652   1
652   652   1
837   652   1
841   652   1
845   652   1
649   653   1
650   653   1
651   653   1
653   653   1
833   653   1
654   654   1
655   654   1
656   654   1
657   654   1
658   654   1
660   654   1
847   654   1
850   654   1
851   654   1
654   655   1
655   655   1
656   655   1
846   655   1
848   655   1
850   655   1
654   656   1
655   656   1
656   656   1
657   656   1
654   657   1
656   657   1
657   657   1
658   657   1
654   658   1
657   658   1
658   658   1
659   658   1
660   658   1
661   658   1
658   659   1
659   659   1
661   659   1
663   659   1
654   660   1
658   660   1
660   660   1
661   660   1
851   660   1
658   661   1
659   661   1
660   661   1
661   661   1
663   661   1
665   661   1
851   661   1
852   661   1
1008  661   1
662   662   1
663   662   1
664   662   1
665   662   1
853   662   1
855   662   1
1003  662   1
1006  662   1
1010  662   1
659   663   1
661   663   1
662   663   1
663   663   1
664   663   1
665   663   1
662   664   1
663   664   1
664   664   1
853   664   1
661   665   1
662   665   1
663   665   1
665   665   1
1002  665   1
1006  665   1
1008  665   1
666   666   1
667   666   1
668   666   1
669   666   1
670   666   1
671   666   1
676   666   1
677   666   1
859   666   1
862   666   1
866   666   1
869   666   1
1000  666   1
666   667   1
667   667   1
668   667   1
997   667   1
998   667   1
1000  667   1
666   668   1
667   668   1
668   668   1
669   668   1
666   669   1
668   669   1
669   669   1
670   669   1
666   670   1
669   670   1
670   670   1
671   670   1
666   671   1
670   671   1
671   671   1
676   671   1
672   672   1
673   672   1
674   672   1
675   672   1
676   672   1
677   672   1
863   672   1
672   673   1
673   673   1
674   673   1
676   673   1
672   674   1
673   674   1
674   674   1
675   674   1
672   675   1
674   675   1
675   675   1
857   675   1
860   675   1
863   675   1
666   676   1
671   676   1
672   676   1
673   676   1
676   676   1
677   676   1
666   677   1
672   677   1
676   677   1
677   677   1
857   677   1
862   677   1
863   677   1
1     678   1
5     678   1
678   678   1
679   678   1
680   678   1
681   678   1
678   679   1
679   679   1
681   679   1
746   679   1
1     680   1
678   680   1
680   680   1
681   680   1
719   680   1
723   680   1
724   680   1
678   681   1
679   681   1
680   681   1
681   681   1
720   681   1
724   681   1
746   681   1
18    682   1
682   682   1
683   682   1
684   682   1
685   682   1
686   682   1
687   682   1
689   682   1
690   682   1
682   683   1
683   683   1
686   683   1
687   683   1
691   683   1
693   683   1
682   684   1
684   684   1
687   684   1
688   684   1
689   684   1
691   684   1
694   684   1
15    685   1
682   685   1
685   685   1
688   685   1
689   685   1
690   685   1
706   685   1
710   685   1
711   685   1
18    686   1
682   686   1
683   686   1
686   686   1
682   687   1
683   687   1
684   687   1
687   687   1
691   687   1
684   688   1
685   688   1
688   688   1
689   688   1
692   688   1
694   688   1
696   688   1
698   688   1
708   688   1
711   688   1
715   688   1
682   689   1
684   689   1
685   689   1
688   689   1
689   689   1
15    690   1
18    690   1
682   690   1
685   690   1
690   690   1
12    691   1
683   691   1
684   691   1
687   691   1
691   691   1
692   691   1
693   691   1
694   691   1
695   691   1
11    692   1
688   692   1
691   692   1
692   692   1
694   692   1
695   692   1
696   692   1
12    693   1
683   693   1
691   693   1
693   693   1
684   694   1
688   694   1
691   694   1
692   694   1
694   694   1
11    695   1
12    695   1
691   695   1
692   695   1
695   695   1
11    696   1
688   696   1
692   696   1
696   696   1
697   696   1
698   696   1
699   696   1
11    697   1
696   697   1
697   697   1
699   697   1
767   697   1
688   698   1
696   698   1
698   698   1
699   698   1
713   698   1
715   698   1
716   698   1
696   699   1
697   699   1
698   699   1
699   699   1
714   699   1
716   699   1
761   699   1
765   699   1
767   699   1
769   699   1
819   699   1
1     700   1
700   700   1
701   700   1
702   700   1
703   700   1
704   700   1
705   700   1
1     701   1
700   701   1
701   701   1
704   701   1
719   701   1
723   701   1
726   701   1
700   702   1
702   702   1
704   702   1
705   702   1
706   702   1
709   702   1
712   702   1
1     703   1
700   703   1
703   703   1
705   703   1
713   703   1
717   703   1
718   703   1
700   704   1
701   704   1
702   704   1
704   704   1
707   704   1
709   704   1
721   704   1
726   704   1
745   704   1
700   705   1
702   705   1
703   705   1
705   705   1
708   705   1
712   705   1
718   705   1
685   706   1
702   706   1
706   706   1
707   706   1
708   706   1
709   706   1
710   706   1
711   706   1
712   706   1
15    707   1
704   707   1
706   707   1
707   707   1
709   707   1
710   707   1
742   707   1
743   707   1
745   707   1
688   708   1
705   708   1
706   708   1
708   708   1
711   708   1
712   708   1
713   708   1
715   708   1
718   708   1
702   709   1
704   709   1
706   709   1
707   709   1
709   709   1
15    710   1
685   710   1
706   710   1
707   710   1
710   710   1
685   711   1
688   711   1
706   711   1
708   711   1
711   711   1
702   712   1
705   712   1
706   712   1
708   712   1
712   712   1
698   713   1
703   713   1
708   713   1
713   713   1
714   713   1
715   713   1
716   713   1
717   713   1
718   713   1
1     714   1
699   714   1
713   714   1
714   714   1
716   714   1
717   714   1
759   714   1
764   714   1
765   714   1
688   715   1
698   715   1
708   715   1
713   715   1
715   715   1
698   716   1
699   716   1
713   716   1
714   716   1
716   716   1
1     717   1
703   717   1
713   717   1
714   717   1
717   717   1
703   718   1
705   718   1
708   718   1
713   718   1
718   718   1
680   719   1
701   719   1
719   719   1
720   719   1
721   719   1
723   719   1
724   719   1
725   719   1
726   719   1
681   720   1
719   720   1
720   720   1
722   720   1
724   720   1
725   720   1
746   720   1
704   721   1
719   721   1
721   721   1
722   721   1
725   721   1
726   721   1
742   721   1
744   721   1
745   721   1
720   722   1
721   722   1
722   722   1
725   722   1
727   722   1
729   722   1
730   722   1
733   722   1
735   722   1
744   722   1
746   722   1
1     723   1
680   723   1
701   723   1
719   723   1
723   723   1
680   724   1
681   724   1
719   724   1
720   724   1
724   724   1
719   725   1
720   725   1
721   725   1
722   725   1
725   725   1
701   726   1
704   726   1
719   726   1
721   726   1
726   726   1
722   727   1
727   727   1
728   727   1
729   727   1
730   727   1
731   727   1
732   727   1
727   728   1
728   728   1
731   728   1
732   728   1
736   728   1
740   728   1
722   729   1
727   729   1
729   729   1
732   729   1
742   729   1
744   729   1
722   730   1
727   730   1
730   730   1
731   730   1
733   730   1
727   731   1
728   731   1
730   731   1
731   731   1
733   731   1
734   731   1
736   731   1
727   732   1
728   732   1
729   732   1
732   732   1
738   732   1
740   732   1
742   732   1
722   733   1
730   733   1
731   733   1
733   733   1
734   733   1
735   733   1
731   734   1
733   734   1
734   734   1
736   734   1
739   734   1
722   735   1
733   735   1
735   735   1
746   735   1
728   736   1
731   736   1
734   736   1
736   736   1
737   736   1
738   736   1
739   736   1
740   736   1
741   736   1
15    737   1
736   737   1
737   737   1
739   737   1
741   737   1
747   737   1
15    738   1
732   738   1
736   738   1
738   738   1
740   738   1
741   738   1
742   738   1
743   738   1
734   739   1
736   739   1
737   739   1
739   739   1
728   740   1
732   740   1
736   740   1
738   740   1
740   740   1
15    741   1
736   741   1
737   741   1
738   741   1
741   741   1
707   742   1
721   742   1
729   742   1
732   742   1
738   742   1
742   742   1
743   742   1
744   742   1
745   742   1
15    743   1
707   743   1
738   743   1
742   743   1
743   743   1
721   744   1
722   744   1
729   744   1
742   744   1
744   744   1
704   745   1
707   745   1
721   745   1
742   745   1
745   745   1
679   746   1
681   746   1
720   746   1
722   746   1
735   746   1
746   746   1
15    747   1
737   747   1
747   747   1
748   747   1
749   747   1
750   747   1
747   748   1
748   748   1
750   748   1
752   748   1
15    749   1
747   749   1
749   749   1
750   749   1
871   749   1
747   750   1
748   750   1
749   750   1
750   750   1
752   750   1
754   750   1
871   750   1
873   750   1
875   750   1
751   751   1
752   751   1
753   751   1
754   751   1
875   751   1
876   751   1
878   751   1
881   751   1
889   751   1
748   752   1
750   752   1
751   752   1
752   752   1
753   752   1
754   752   1
751   753   1
752   753   1
753   753   1
889   753   1
750   754   1
751   754   1
752   754   1
754   754   1
875   754   1
2     755   1
3     755   1
755   755   1
756   755   1
757   755   1
758   755   1
2     756   1
755   756   1
756   756   1
758   756   1
909   756   1
755   757   1
757   757   1
758   757   1
1024  757   1
755   758   1
756   758   1
757   758   1
758   758   1
904   758   1
905   758   1
906   758   1
909   758   1
911   758   1
950   758   1
1024  758   1
6     759   1
714   759   1
759   759   1
760   759   1
761   759   1
763   759   1
764   759   1
765   759   1
766   759   1
2     760   1
759   760   1
760   760   1
762   760   1
763   760   1
766   760   1
941   760   1
943   760   1
944   760   1
699   761   1
759   761   1
761   761   1
762   761   1
765   761   1
766   761   1
816   761   1
818   761   1
819   761   1
760   762   1
761   762   1
762   762   1
766   762   1
811   762   1
812   762   1
813   762   1
818   762   1
932   762   1
933   762   1
935   762   1
944   762   1
1019  762   1
2     763   1
6     763   1
759   763   1
760   763   1
763   763   1
1     764   1
6     764   1
714   764   1
759   764   1
764   764   1
699   765   1
714   765   1
759   765   1
761   765   1
765   765   1
759   766   1
760   766   1
761   766   1
762   766   1
766   766   1
11    767   1
697   767   1
699   767   1
767   767   1
768   767   1
769   767   1
770   767   1
11    768   1
767   768   1
768   768   1
770   768   1
782   768   1
783   768   1
784   768   1
699   769   1
767   769   1
769   769   1
770   769   1
816   769   1
819   769   1
820   769   1
767   770   1
768   770   1
769   770   1
770   770   1
776   770   1
777   770   1
780   770   1
783   770   1
817   770   1
820   770   1
823   770   1
824   770   1
829   770   1
7     771   1
21    771   1
22    771   1
771   771   1
772   771   1
773   771   1
774   771   1
22    772   1
771   772   1
772   772   1
774   772   1
775   772   1
778   772   1
781   772   1
7     773   1
771   773   1
773   773   1
774   773   1
782   773   1
785   773   1
786   773   1
771   774   1
772   774   1
773   774   1
774   774   1
777   774   1
781   774   1
786   774   1
27    775   1
772   775   1
775   775   1
776   775   1
777   775   1
778   775   1
779   775   1
780   775   1
781   775   1
28    776   1
770   776   1
775   776   1
776   776   1
779   776   1
780   776   1
828   776   1
829   776   1
830   776   1
770   777   1
774   777   1
775   777   1
777   777   1
780   777   1
781   777   1
782   777   1
783   777   1
786   777   1
22    778   1
27    778   1
772   778   1
775   778   1
778   778   1
27    779   1
28    779   1
775   779   1
776   779   1
779   779   1
770   780   1
775   780   1
776   780   1
777   780   1
780   780   1
772   781   1
774   781   1
775   781   1
777   781   1
781   781   1
14    782   1
768   782   1
773   782   1
777   782   1
782   782   1
783   782   1
784   782   1
785   782   1
786   782   1
768   783   1
770   783   1
777   783   1
782   783   1
783   783   1
11    784   1
14    784   1
768   784   1
782   784   1
784   784   1
7     785   1
14    785   1
773   785   1
782   785   1
785   785   1
773   786   1
774   786   1
777   786   1
782   786   1
786   786   1
36    787   1
38    787   1
787   787   1
788   787   1
789   787   1
790   787   1
791   787   1
792   787   1
793   787   1
787   788   1
788   788   1
790   788   1
791   788   1
794   788   1
797   788   1
29    789   1
787   789   1
789   789   1
791   789   1
792   789   1
794   789   1
799   789   1
36    790   1
787   790   1
788   790   1
790   790   1
787   791   1
788   791   1
789   791   1
791   791   1
794   791   1
29    792   1
38    792   1
787   792   1
789   792   1
792   792   1
33    793   1
36    793   1
38    793   1
787   793   1
793   793   1
788   794   1
789   794   1
791   794   1
794   794   1
795   794   1
796   794   1
797   794   1
799   794   1
800   794   1
794   795   1
795   795   1
797   795   1
798   795   1
800   795   1
801   795   1
29    796   1
794   796   1
796   796   1
798   796   1
799   796   1
800   796   1
803   796   1
809   796   1
810   796   1
788   797   1
794   797   1
795   797   1
797   797   1
795   798   1
796   798   1
798   798   1
800   798   1
801   798   1
802   798   1
810   798   1
29    799   1
789   799   1
794   799   1
796   799   1
799   799   1
794   800   1
795   800   1
796   800   1
798   800   1
800   800   1
40    801   1
41    801   1
795   801   1
798   801   1
801   801   1
802   801   1
40    802   1
798   802   1
801   802   1
802   802   1
803   802   1
807   802   1
810   802   1
796   803   1
802   803   1
803   803   1
804   803   1
805   803   1
807   803   1
808   803   1
809   803   1
810   803   1
40    804   1
803   804   1
804   804   1
806   804   1
807   804   1
808   804   1
822   804   1
825   804   1
826   804   1
29    805   1
803   805   1
805   805   1
806   805   1
808   805   1
809   805   1
828   805   1
831   805   1
832   805   1
804   806   1
805   806   1
806   806   1
808   806   1
823   806   1
825   806   1
832   806   1
40    807   1
802   807   1
803   807   1
804   807   1
807   807   1
803   808   1
804   808   1
805   808   1
806   808   1
808   808   1
29    809   1
796   809   1
803   809   1
805   809   1
809   809   1
796   810   1
798   810   1
802   810   1
803   810   1
810   810   1
40    811   1
762   811   1
811   811   1
812   811   1
813   811   1
814   811   1
815   811   1
40    812   1
762   812   1
811   812   1
812   812   1
1013  812   1
1017  812   1
1019  812   1
762   813   1
811   813   1
813   813   1
815   813   1
816   813   1
818   813   1
821   813   1
40    814   1
811   814   1
814   814   1
815   814   1
822   814   1
826   814   1
827   814   1
811   815   1
813   815   1
814   815   1
815   815   1
817   815   1
821   815   1
827   815   1
761   816   1
769   816   1
813   816   1
816   816   1
817   816   1
818   816   1
819   816   1
820   816   1
821   816   1
770   817   1
815   817   1
816   817   1
817   817   1
820   817   1
821   817   1
822   817   1
824   817   1
827   817   1
761   818   1
762   818   1
813   818   1
816   818   1
818   818   1
699   819   1
761   819   1
769   819   1
816   819   1
819   819   1
769   820   1
770   820   1
816   820   1
817   820   1
820   820   1
813   821   1
815   821   1
816   821   1
817   821   1
821   821   1
804   822   1
814   822   1
817   822   1
822   822   1
823   822   1
824   822   1
825   822   1
826   822   1
827   822   1
770   823   1
806   823   1
822   823   1
823   823   1
824   823   1
825   823   1
828   823   1
829   823   1
832   823   1
770   824   1
817   824   1
822   824   1
823   824   1
824   824   1
804   825   1
806   825   1
822   825   1
823   825   1
825   825   1
40    826   1
804   826   1
814   826   1
822   826   1
826   826   1
814   827   1
815   827   1
817   827   1
822   827   1
827   827   1
32    828   1
776   828   1
805   828   1
823   828   1
828   828   1
829   828   1
830   828   1
831   828   1
832   828   1
770   829   1
776   829   1
823   829   1
828   829   1
829   829   1
28    830   1
32    830   1
776   830   1
828   830   1
830   830   1
29    831   1
32    831   1
805   831   1
828   831   1
831   831   1
805   832   1
806   832   1
823   832   1
828   832   1
832   832   1
649   833   1
650   833   1
653   833   1
833   833   1
834   833   1
835   833   1
836   833   1
650   834   1
833   834   1
834   834   1
836   834   1
913   834   1
649   835   1
833   835   1
835   835   1
836   835   1
1020  835   1
1022  835   1
1023  835   1
833   836   1
834   836   1
835   836   1
836   836   1
913   836   1
915   836   1
933   836   1
936   836   1
1015  836   1
1018  836   1
1022  836   1
652   837   1
837   837   1
838   837   1
839   837   1
840   837   1
841   837   1
842   837   1
844   837   1
845   837   1
837   838   1
838   838   1
841   838   1
842   838   1
846   838   1
848   838   1
837   839   1
839   839   1
842   839   1
843   839   1
844   839   1
846   839   1
849   839   1
650   840   1
837   840   1
840   840   1
843   840   1
844   840   1
845   840   1
927   840   1
929   840   1
930   840   1
652   841   1
837   841   1
838   841   1
841   841   1
837   842   1
838   842   1
839   842   1
842   842   1
846   842   1
839   843   1
840   843   1
843   843   1
844   843   1
847   843   1
849   843   1
851   843   1
852   843   1
920   843   1
921   843   1
925   843   1
929   843   1
938   843   1
939   843   1
947   843   1
948   843   1
953   843   1
954   843   1
958   843   1
974   843   1
977   843   1
982   843   1
1004  843   1
1007  843   1
1011  843   1
837   844   1
839   844   1
840   844   1
843   844   1
844   844   1
650   845   1
652   845   1
837   845   1
840   845   1
845   845   1
655   846   1
838   846   1
839   846   1
842   846   1
846   846   1
847   846   1
848   846   1
849   846   1
850   846   1
654   847   1
843   847   1
846   847   1
847   847   1
849   847   1
850   847   1
851   847   1
655   848   1
838   848   1
846   848   1
848   848   1
839   849   1
843   849   1
846   849   1
847   849   1
849   849   1
654   850   1
655   850   1
846   850   1
847   850   1
850   850   1
654   851   1
660   851   1
661   851   1
843   851   1
847   851   1
851   851   1
852   851   1
661   852   1
843   852   1
851   852   1
852   852   1
1002  852   1
1007  852   1
1008  852   1
662   853   1
664   853   1
853   853   1
854   853   1
855   853   1
856   853   1
853   854   1
854   854   1
856   854   1
997   854   1
998   854   1
999   854   1
662   855   1
853   855   1
855   855   1
856   855   1
1009  855   1
1010  855   1
1012  855   1
853   856   1
854   856   1
855   856   1
856   856   1
954   856   1
955   856   1
959   856   1
999   856   1
1012  856   1
675   857   1
677   857   1
857   857   1
858   857   1
859   857   1
860   857   1
861   857   1
862   857   1
863   857   1
857   858   1
858   858   1
860   858   1
861   858   1
864   858   1
867   858   1
666   859   1
857   859   1
859   859   1
861   859   1
862   859   1
864   859   1
869   859   1
675   860   1
857   860   1
858   860   1
860   860   1
857   861   1
858   861   1
859   861   1
861   861   1
864   861   1
666   862   1
677   862   1
857   862   1
859   862   1
862   862   1
672   863   1
675   863   1
677   863   1
857   863   1
863   863   1
858   864   1
859   864   1
861   864   1
864   864   1
865   864   1
866   864   1
867   864   1
869   864   1
870   864   1
864   865   1
865   865   1
867   865   1
868   865   1
870   865   1
986   865   1
989   865   1
992   865   1
666   866   1
864   866   1
866   866   1
868   866   1
869   866   1
870   866   1
997   866   1
1000  866   1
1001  866   1
858   867   1
864   867   1
865   867   1
867   867   1
865   868   1
866   868   1
868   868   1
870   868   1
955   868   1
956   868   1
960   868   1
962   868   1
963   868   1
992   868   1
1001  868   1
666   869   1
859   869   1
864   869   1
866   869   1
869   869   1
864   870   1
865   870   1
866   870   1
868   870   1
870   870   1
15    871   1
749   871   1
750   871   1
871   871   1
872   871   1
873   871   1
874   871   1
15    872   1
871   872   1
872   872   1
874   872   1
877   872   1
882   872   1
750   873   1
871   873   1
873   873   1
874   873   1
875   873   1
871   874   1
872   874   1
873   874   1
874   874   1
875   874   1
876   874   1
877   874   1
750   875   1
751   875   1
754   875   1
873   875   1
874   875   1
875   875   1
876   875   1
751   876   1
874   876   1
875   876   1
876   876   1
877   876   1
881   876   1
872   877   1
874   877   1
876   877   1
877   877   1
878   877   1
879   877   1
881   877   1
882   877   1
883   877   1
751   878   1
877   878   1
878   878   1
880   878   1
881   878   1
883   878   1
889   878   1
15    879   1
877   879   1
879   879   1
880   879   1
882   879   1
883   879   1
890   879   1
896   879   1
898   879   1
878   880   1
879   880   1
880   880   1
883   880   1
884   880   1
886   880   1
887   880   1
889   880   1
891   880   1
896   880   1
901   880   1
751   881   1
876   881   1
877   881   1
878   881   1
881   881   1
15    882   1
872   882   1
877   882   1
879   882   1
882   882   1
877   883   1
878   883   1
879   883   1
880   883   1
883   883   1
880   884   1
884   884   1
885   884   1
886   884   1
887   884   1
888   884   1
884   885   1
885   885   1
888   885   1
1024  885   1
880   886   1
884   886   1
886   886   1
888   886   1
899   886   1
901   886   1
903   886   1
880   887   1
884   887   1
887   887   1
889   887   1
884   888   1
885   888   1
886   888   1
888   888   1
900   888   1
903   888   1
904   888   1
905   888   1
907   888   1
970   888   1
1024  888   1
751   889   1
753   889   1
878   889   1
880   889   1
887   889   1
889   889   1
879   890   1
890   890   1
891   890   1
892   890   1
893   890   1
894   890   1
896   890   1
897   890   1
898   890   1
880   891   1
890   891   1
891   891   1
894   891   1
896   891   1
899   891   1
901   891   1
890   892   1
892   892   1
894   892   1
895   892   1
897   892   1
899   892   1
902   892   1
15    893   1
890   893   1
893   893   1
895   893   1
897   893   1
898   893   1
993   893   1
995   893   1
996   893   1
890   894   1
891   894   1
892   894   1
894   894   1
899   894   1
892   895   1
893   895   1
895   895   1
897   895   1
900   895   1
902   895   1
962   895   1
963   895   1
964   895   1
966   895   1
969   895   1
985   895   1
988   895   1
991   895   1
995   895   1
879   896   1
880   896   1
890   896   1
891   896   1
896   896   1
890   897   1
892   897   1
893   897   1
895   897   1
897   897   1
15    898   1
879   898   1
890   898   1
893   898   1
898   898   1
886   899   1
891   899   1
892   899   1
894   899   1
899   899   1
900   899   1
901   899   1
902   899   1
903   899   1
888   900   1
895   900   1
899   900   1
900   900   1
902   900   1
903   900   1
965   900   1
969   900   1
970   900   1
880   901   1
886   901   1
891   901   1
899   901   1
901   901   1
892   902   1
895   902   1
899   902   1
900   902   1
902   902   1
886   903   1
888   903   1
899   903   1
900   903   1
903   903   1
758   904   1
888   904   1
904   904   1
905   904   1
906   904   1
907   904   1
908   904   1
758   905   1
888   905   1
904   905   1
905   905   1
1024  905   1
758   906   1
904   906   1
906   906   1
908   906   1
946   906   1
949   906   1
950   906   1
888   907   1
904   907   1
907   907   1
908   907   1
965   907   1
970   907   1
971   907   1
904   908   1
906   908   1
907   908   1
908   908   1
947   908   1
949   908   1
967   908   1
971   908   1
979   908   1
2     909   1
756   909   1
758   909   1
909   909   1
910   909   1
911   909   1
912   909   1
2     910   1
909   910   1
910   910   1
912   910   1
941   910   1
942   910   1
943   910   1
758   911   1
909   911   1
911   911   1
912   911   1
946   911   1
950   911   1
951   911   1
909   912   1
910   912   1
911   912   1
912   912   1
938   912   1
939   912   1
940   912   1
942   912   1
951   912   1
650   913   1
834   913   1
836   913   1
913   913   1
914   913   1
915   913   1
916   913   1
650   914   1
913   914   1
914   914   1
916   914   1
927   914   1
928   914   1
930   914   1
836   915   1
913   915   1
915   915   1
916   915   1
931   915   1
936   915   1
937   915   1
913   916   1
914   916   1
915   916   1
916   916   1
918   916   1
919   916   1
924   916   1
928   916   1
937   916   1
917   917   1
918   917   1
919   917   1
920   917   1
921   917   1
922   917   1
924   917   1
925   917   1
926   917   1
916   918   1
917   918   1
918   918   1
923   918   1
924   918   1
926   918   1
931   918   1
934   918   1
937   918   1
916   919   1
917   919   1
919   919   1
922   919   1
924   919   1
927   919   1
928   919   1
843   920   1
917   920   1
920   920   1
922   920   1
925   920   1
927   920   1
929   920   1
843   921   1
917   921   1
921   921   1
923   921   1
925   921   1
926   921   1
938   921   1
917   922   1
919   922   1
920   922   1
922   922   1
927   922   1
918   923   1
921   923   1
923   923   1
926   923   1
932   923   1
934   923   1
938   923   1
940   923   1
945   923   1
916   924   1
917   924   1
918   924   1
919   924   1
924   924   1
843   925   1
917   925   1
920   925   1
921   925   1
925   925   1
917   926   1
918   926   1
921   926   1
923   926   1
926   926   1
840   927   1
914   927   1
919   927   1
920   927   1
922   927   1
927   927   1
928   927   1
929   927   1
930   927   1
914   928   1
916   928   1
919   928   1
927   928   1
928   928   1
840   929   1
843   929   1
920   929   1
927   929   1
929   929   1
650   930   1
840   930   1
914   930   1
927   930   1
930   930   1
915   931   1
918   931   1
931   931   1
932   931   1
933   931   1
934   931   1
935   931   1
936   931   1
937   931   1
762   932   1
923   932   1
931   932   1
932   932   1
934   932   1
935   932   1
941   932   1
944   932   1
945   932   1
762   933   1
836   933   1
931   933   1
933   933   1
935   933   1
936   933   1
1013  933   1
1018  933   1
1019  933   1
918   934   1
923   934   1
931   934   1
932   934   1
934   934   1
762   935   1
931   935   1
932   935   1
933   935   1
935   935   1
836   936   1
915   936   1
931   936   1
933   936   1
936   936   1
915   937   1
916   937   1
918   937   1
931   937   1
937   937   1
843   938   1
912   938   1
921   938   1
923   938   1
938   938   1
939   938   1
940   938   1
843   939   1
912   939   1
938   939   1
939   939   1
946   939   1
948   939   1
951   939   1
912   940   1
923   940   1
938   940   1
940   940   1
941   940   1
942   940   1
945   940   1
760   941   1
910   941   1
932   941   1
940   941   1
941   941   1
942   941   1
943   941   1
944   941   1
945   941   1
910   942   1
912   942   1
940   942   1
941   942   1
942   942   1
2     943   1
760   943   1
910   943   1
941   943   1
943   943   1
760   944   1
762   944   1
932   944   1
941   944   1
944   944   1
923   945   1
932   945   1
940   945   1
941   945   1
945   945   1
906   946   1
911   946   1
939   946   1
946   946   1
947   946   1
948   946   1
949   946   1
950   946   1
951   946   1
843   947   1
908   947   1
946   947   1
947   947   1
948   947   1
949   947   1
973   947   1
977   947   1
979   947   1
843   948   1
939   948   1
946   948   1
947   948   1
948   948   1
906   949   1
908   949   1
946   949   1
947   949   1
949   949   1
758   950   1
906   950   1
911   950   1
946   950   1
950   950   1
911   951   1
912   951   1
939   951   1
946   951   1
951   951   1
952   952   1
953   952   1
954   952   1
955   952   1
956   952   1
958   952   1
959   952   1
960   952   1
961   952   1
843   953   1
952   953   1
953   953   1
957   953   1
958   953   1
961   953   1
980   953   1
982   953   1
984   953   1
843   954   1
856   954   1
952   954   1
954   954   1
958   954   1
959   954   1
1009  954   1
1011  954   1
1012  954   1
856   955   1
868   955   1
952   955   1
955   955   1
959   955   1
960   955   1
997   955   1
999   955   1
1001  955   1
868   956   1
952   956   1
956   956   1
957   956   1
960   956   1
961   956   1
962   956   1
953   957   1
956   957   1
957   957   1
961   957   1
962   957   1
964   957   1
981   957   1
984   957   1
985   957   1
843   958   1
952   958   1
953   958   1
954   958   1
958   958   1
856   959   1
952   959   1
954   959   1
955   959   1
959   959   1
868   960   1
952   960   1
955   960   1
956   960   1
960   960   1
952   961   1
953   961   1
956   961   1
957   961   1
961   961   1
868   962   1
895   962   1
956   962   1
957   962   1
962   962   1
963   962   1
964   962   1
868   963   1
895   963   1
962   963   1
963   963   1
986   963   1
991   963   1
992   963   1
895   964   1
957   964   1
962   964   1
964   964   1
985   964   1
900   965   1
907   965   1
965   965   1
966   965   1
967   965   1
969   965   1
970   965   1
971   965   1
972   965   1
895   966   1
965   966   1
966   966   1
968   966   1
969   966   1
972   966   1
985   966   1
908   967   1
965   967   1
967   967   1
968   967   1
971   967   1
972   967   1
973   967   1
978   967   1
979   967   1
966   968   1
967   968   1
968   968   1
972   968   1
975   968   1
978   968   1
981   968   1
983   968   1
985   968   1
895   969   1
900   969   1
965   969   1
966   969   1
969   969   1
888   970   1
900   970   1
907   970   1
965   970   1
970   970   1
907   971   1
908   971   1
965   971   1
967   971   1
971   971   1
965   972   1
966   972   1
967   972   1
968   972   1
972   972   1
947   973   1
967   973   1
973   973   1
974   973   1
975   973   1
976   973   1
977   973   1
978   973   1
979   973   1
843   974   1
973   974   1
974   974   1
976   974   1
977   974   1
980   974   1
982   974   1
968   975   1
973   975   1
975   975   1
976   975   1
978   975   1
980   975   1
983   975   1
973   976   1
974   976   1
975   976   1
976   976   1
980   976   1
843   977   1
947   977   1
973   977   1
974   977   1
977   977   1
967   978   1
968   978   1
973   978   1
975   978   1
978   978   1
908   979   1
947   979   1
967   979   1
973   979   1
979   979   1
953   980   1
974   980   1
975   980   1
976   980   1
980   980   1
981   980   1
982   980   1
983   980   1
984   980   1
957   981   1
968   981   1
980   981   1
981   981   1
983   981   1
984   981   1
985   981   1
843   982   1
953   982   1
974   982   1
980   982   1
982   982   1
968   983   1
975   983   1
980   983   1
981   983   1
983   983   1
953   984   1
957   984   1
980   984   1
981   984   1
984   984   1
895   985   1
957   985   1
964   985   1
966   985   1
968   985   1
981   985   1
985   985   1
865   986   1
963   986   1
986   986   1
987   986   1
988   986   1
989   986   1
990   986   1
991   986   1
992   986   1
986   987   1
987   987   1
989   987   1
990   987   1
993   987   1
994   987   1
895   988   1
986   988   1
988   988   1
990   988   1
991   988   1
993   988   1
995   988   1
865   989   1
986   989   1
987   989   1
989   989   1
986   990   1
987   990   1
988   990   1
990   990   1
993   990   1
895   991   1
963   991   1
986   991   1
988   991   1
991   991   1
865   992   1
868   992   1
963   992   1
986   992   1
992   992   1
16    993   1
893   993   1
987   993   1
988   993   1
990   993   1
993   993   1
994   993   1
995   993   1
996   993   1
16    994   1
987   994   1
993   994   1
994   994   1
893   995   1
895   995   1
988   995   1
993   995   1
995   995   1
15    996   1
16    996   1
893   996   1
993   996   1
996   996   1
667   997   1
854   997   1
866   997   1
955   997   1
997   997   1
998   997   1
999   997   1
1000  997   1
1001  997   1
667   998   1
854   998   1
997   998   1
998   998   1
854   999   1
856   999   1
955   999   1
997   999   1
999   999   1
666   1000  1
667   1000  1
866   1000  1
997   1000  1
1000  1000  1
866   1001  1
868   1001  1
955   1001  1
997   1001  1
1001  1001  1
665   1002  1
852   1002  1
1002  1002  1
1003  1002  1
1004  1002  1
1005  1002  1
1006  1002  1
1007  1002  1
1008  1002  1
662   1003  1
1002  1003  1
1003  1003  1
1005  1003  1
1006  1003  1
1009  1003  1
1010  1003  1
843   1004  1
1002  1004  1
1004  1004  1
1005  1004  1
1007  1004  1
1009  1004  1
1011  1004  1
1002  1005  1
1003  1005  1
1004  1005  1
1005  1005  1
1009  1005  1
662   1006  1
665   1006  1
1002  1006  1
1003  1006  1
1006  1006  1
843   1007  1
852   1007  1
1002  1007  1
1004  1007  1
1007  1007  1
661   1008  1
665   1008  1
852   1008  1
1002  1008  1
1008  1008  1
855   1009  1
954   1009  1
1003  1009  1
1004  1009  1
1005  1009  1
1009  1009  1
1010  1009  1
1011  1009  1
1012  1009  1
662   1010  1
855   1010  1
1003  1010  1
1009  1010  1
1010  1010  1
843   1011  1
954   1011  1
1004  1011  1
1009  1011  1
1011  1011  1
855   1012  1
856   1012  1
954   1012  1
1009  1012  1
1012  1012  1
812   1013  1
933   1013  1
1013  1013  1
1014  1013  1
1015  1013  1
1016  1013  1
1017  1013  1
1018  1013  1
1019  1013  1
40    1014  1
1013  1014  1
1014  1014  1
1016  1014  1
1017  1014  1
1020  1014  1
1021  1014  1
836   1015  1
1013  1015  1
1015  1015  1
1016  1015  1
1018  1015  1
1020  1015  1
1022  1015  1
1013  1016  1
1014  1016  1
1015  1016  1
1016  1016  1
1020  1016  1
40    1017  1
812   1017  1
1013  1017  1
1014  1017  1
1017  1017  1
836   1018  1
933   1018  1
1013  1018  1
1015  1018  1
1018  1018  1
762   1019  1
812   1019  1
933   1019  1
1013  1019  1
1019  1019  1
648   1020  1
835   1020  1
1014  1020  1
1015  1020  1
1016  1020  1
1020  1020  1
1021  1020  1
1022  1020  1
1023  1020  1
40    1021  1
648   1021  1
1014  1021  1
1020  1021  1
1021  1021  1
835   1022  1
836   1022  1
1015  1022  1
1020  1022  1
1022  1022  1
648   1023  1
649   1023  1
835   1023  1
1020  1023  1
1023  1023  1
757   1024  1
758   1024  1
885   1024  1
888   1024  1
905   1024  1
1024  1024  1
