80 60 1556
1 2 0.500000
1 4 0.500000
1 10 0.500000
1 11 0.500000
1 13 0.500000
1 15 0.500000
1 16 0.500000
1 17 0.500000
1 19 0.500000
1 20 0.500000
1 21 0.500000
1 24 0.500000
1 26 0.500000
1 27 0.500000
1 31 0.500000
1 32 0.500000
1 34 0.500000
1 38 0.500000
1 39 0.500000
1 42 0.500000
1 43 0.500000
1 44 0.500000
1 45 0.500000
1 46 0.500000
1 49 0.500000
1 50 0.500000
1 53 0.500000
1 54 0.500000
1 55 0.500000
1 57 0.500000
1 61 0.500000
1 63 0.500000
1 64 0.500000
1 65 0.500000
1 68 0.500000
1 69 0.500000
1 73 0.500000
1 74 0.500000
1 76 0.500000
1 78 0.500000
2 3 0.500000
2 5 0.500000
2 7 0.500000
2 8 0.500000
2 18 0.500000
2 19 0.500000
2 20 0.500000
2 22 0.500000
2 24 0.500000
2 25 0.500000
2 29 0.500000
2 30 0.500000
2 31 0.500000
2 32 0.500000
2 34 0.500000
2 36 0.500000
2 38 0.500000
2 39 0.500000
2 40 0.500000
2 41 0.500000
2 42 0.500000
2 43 0.500000
2 44 0.500000
2 45 0.500000
2 46 0.500000
2 47 0.500000
2 50 0.500000
2 51 0.500000
2 52 0.500000
2 54 0.500000
2 61 0.500000
2 62 0.500000
2 66 0.500000
2 67 0.500000
2 68 0.500000
2 70 0.500000
2 76 0.500000
2 77 0.500000
2 80 0.500000
3 4 0.500000
3 8 0.500000
3 11 0.500000
3 13 0.500000
3 14 0.500000
3 15 0.500000
3 19 0.500000
3 20 0.500000
3 21 0.500000
3 24 0.500000
3 27 0.500000
3 28 0.500000
3 31 0.500000
3 32 0.500000
3 33 0.500000
3 34 0.500000
3 35 0.500000
3 37 0.500000
3 38 0.500000
3 42 0.500000
3 43 0.500000
3 45 0.500000
3 46 0.500000
3 48 0.500000
3 50 0.500000
3 52 0.500000
3 53 0.500000
3 54 0.500000
3 55 0.500000
3 56 0.500000
3 57 0.500000
3 59 0.500000
3 61 0.500000
3 62 0.500000
3 63 0.500000
3 65 0.500000
3 68 0.500000
3 70 0.500000
3 73 0.500000
3 75 0.500000
3 78 0.500000
3 79 0.500000
4 5 0.500000
4 6 0.500000
4 7 0.500000
4 12 0.500000
4 15 0.500000
4 18 0.500000
4 20 0.500000
4 23 0.500000
4 24 0.500000
4 25 0.500000
4 26 0.500000
4 28 0.500000
4 30 0.500000
4 31 0.500000
4 32 0.500000
4 34 0.500000
4 35 0.500000
4 36 0.500000
4 37 0.500000
4 39 0.500000
4 41 0.500000
4 42 0.500000
4 43 0.500000
4 44 0.500000
4 45 0.500000
4 46 0.500000
4 48 0.500000
4 49 0.500000
4 51 0.500000
4 52 0.500000
4 55 0.500000
4 56 0.500000
4 57 0.500000
4 58 0.500000
4 60 0.500000
4 62 0.500000
4 64 0.500000
4 65 0.500000
4 66 0.500000
4 69 0.500000
4 70 0.500000
4 71 0.500000
4 72 0.500000
4 78 0.500000
5 8 0.500000
5 9 0.500000
5 10 0.500000
5 12 0.500000
5 13 0.500000
5 15 0.500000
5 16 0.500000
5 18 0.500000
5 20 0.500000
5 21 0.500000
5 22 0.500000
5 23 0.500000
5 24 0.500000
5 26 0.500000
5 29 0.500000
5 31 0.500000
5 32 0.500000
5 33 0.500000
5 38 0.500000
5 39 0.500000
5 41 0.500000
5 42 0.500000
5 43 0.500000
5 45 0.500000
5 46 0.500000
5 48 0.500000
5 49 0.500000
5 52 0.500000
5 53 0.500000
5 54 0.500000
5 55 0.500000
5 57 0.500000
5 58 0.500000
5 61 0.500000
5 62 0.500000
5 63 0.500000
5 64 0.500000
5 66 0.500000
5 68 0.500000
5 70 0.500000
5 71 0.500000
5 72 0.500000
5 74 0.500000
5 75 0.500000
5 76 0.500000
5 77 0.500000
5 79 0.500000
6 8 0.500000
6 9 0.500000
6 10 0.500000
6 11 0.500000
6 13 0.500000
6 15 0.500000
6 17 0.500000
6 19 0.500000
6 20 0.500000
6 21 0.500000
6 23 0.500000
6 24 0.500000
6 27 0.500000
6 29 0.500000
6 31 0.500000
6 33 0.500000
6 34 0.500000
6 38 0.500000
6 40 0.500000
6 43 0.500000
6 45 0.500000
6 46 0.500000
6 47 0.500000
6 50 0.500000
6 54 0.500000
6 57 0.500000
6 58 0.500000
6 60 0.500000
6 61 0.500000
6 62 0.500000
6 65 0.500000
6 66 0.500000
6 67 0.500000
6 69 0.500000
6 72 0.500000
6 74 0.500000
6 77 0.500000
6 79 0.500000
6 80 0.500000
7 8 0.500000
7 9 0.500000
7 13 0.500000
7 19 0.500000
7 20 0.500000
7 24 0.500000
7 27 0.500000
7 30 0.500000
7 31 0.500000
7 34 0.500000
7 35 0.500000
7 36 0.500000
7 37 0.500000
7 38 0.500000
7 41 0.500000
7 44 0.500000
7 46 0.500000
7 47 0.500000
7 50 0.500000
7 51 0.500000
7 52 0.500000
7 53 0.500000
7 56 0.500000
7 59 0.500000
7 60 0.500000
7 63 0.500000
7 64 0.500000
7 65 0.500000
7 67 0.500000
7 69 0.500000
7 71 0.500000
7 72 0.500000
7 73 0.500000
7 75 0.500000
7 77 0.500000
7 78 0.500000
7 80 0.500000
8 11 0.500000
8 19 0.500000
8 21 0.500000
8 23 0.500000
8 26 0.500000
8 27 0.500000
8 29 0.500000
8 30 0.500000
8 32 0.500000
8 34 0.500000
8 35 0.500000
8 36 0.500000
8 38 0.500000
8 45 0.500000
8 48 0.500000
8 51 0.500000
8 52 0.500000
8 54 0.500000
8 55 0.500000
8 56 0.500000
8 57 0.500000
8 58 0.500000
8 59 0.500000
8 62 0.500000
8 63 0.500000
8 64 0.500000
8 66 0.500000
8 68 0.500000
8 70 0.500000
8 80 0.500000
9 10 0.500000
9 11 0.500000
9 16 0.500000
9 17 0.500000
9 19 0.500000
9 26 0.500000
9 28 0.500000
9 30 0.500000
9 31 0.500000
9 32 0.500000
9 33 0.500000
9 35 0.500000
9 36 0.500000
9 38 0.500000
9 40 0.500000
9 41 0.500000
9 42 0.500000
9 50 0.500000
9 52 0.500000
9 53 0.500000
9 54 0.500000
9 56 0.500000
9 57 0.500000
9 58 0.500000
9 59 0.500000
9 61 0.500000
9 62 0.500000
9 63 0.500000
9 65 0.500000
9 67 0.500000
9 70 0.500000
9 71 0.500000
9 72 0.500000
9 75 0.500000
9 76 0.500000
9 77 0.500000
9 79 0.500000
10 12 0.500000
10 15 0.500000
10 16 0.500000
10 17 0.500000
10 18 0.500000
10 19 0.500000
10 20 0.500000
10 21 0.500000
10 23 0.500000
10 27 0.500000
10 28 0.500000
10 29 0.500000
10 31 0.500000
10 38 0.500000
10 41 0.500000
10 43 0.500000
10 49 0.500000
10 52 0.500000
10 54 0.500000
10 56 0.500000
10 59 0.500000
10 60 0.500000
10 61 0.500000
10 63 0.500000
10 66 0.500000
10 67 0.500000
10 70 0.500000
10 72 0.500000
10 74 0.500000
10 76 0.500000
10 79 0.500000
10 80 0.500000
11 14 0.500000
11 15 0.500000
11 16 0.500000
11 18 0.500000
11 20 0.500000
11 21 0.500000
11 24 0.500000
11 26 0.500000
11 27 0.500000
11 30 0.500000
11 31 0.500000
11 34 0.500000
11 35 0.500000
11 36 0.500000
11 43 0.500000
11 44 0.500000
11 46 0.500000
11 48 0.500000
11 49 0.500000
11 50 0.500000
11 55 0.500000
11 58 0.500000
11 60 0.500000
11 61 0.500000
11 62 0.500000
11 63 0.500000
11 64 0.500000
11 65 0.500000
11 67 0.500000
11 68 0.500000
11 69 0.500000
11 71 0.500000
11 72 0.500000
11 76 0.500000
11 77 0.500000
11 78 0.500000
11 79 0.500000
11 80 0.500000
12 16 0.500000
12 17 0.500000
12 19 0.500000
12 23 0.500000
12 24 0.500000
12 25 0.500000
12 27 0.500000
12 28 0.500000
12 31 0.500000
12 32 0.500000
12 34 0.500000
12 35 0.500000
12 36 0.500000
12 39 0.500000
12 40 0.500000
12 42 0.500000
12 45 0.500000
12 46 0.500000
12 48 0.500000
12 53 0.500000
12 54 0.500000
12 55 0.500000
12 56 0.500000
12 59 0.500000
12 61 0.500000
12 63 0.500000
12 68 0.500000
12 73 0.500000
12 75 0.500000
12 79 0.500000
12 80 0.500000
13 16 0.500000
13 17 0.500000
13 20 0.500000
13 27 0.500000
13 29 0.500000
13 31 0.500000
13 33 0.500000
13 34 0.500000
13 35 0.500000
13 37 0.500000
13 38 0.500000
13 42 0.500000
13 45 0.500000
13 46 0.500000
13 51 0.500000
13 52 0.500000
13 53 0.500000
13 54 0.500000
13 55 0.500000
13 56 0.500000
13 57 0.500000
13 61 0.500000
13 66 0.500000
13 68 0.500000
13 70 0.500000
13 71 0.500000
13 72 0.500000
13 74 0.500000
13 75 0.500000
13 79 0.500000
14 15 0.500000
14 20 0.500000
14 21 0.500000
14 22 0.500000
14 24 0.500000
14 26 0.500000
14 28 0.500000
14 29 0.500000
14 31 0.500000
14 33 0.500000
14 34 0.500000
14 43 0.500000
14 44 0.500000
14 48 0.500000
14 49 0.500000
14 50 0.500000
14 51 0.500000
14 53 0.500000
14 55 0.500000
14 57 0.500000
14 64 0.500000
14 65 0.500000
14 67 0.500000
14 68 0.500000
14 70 0.500000
14 71 0.500000
14 72 0.500000
14 75 0.500000
14 76 0.500000
14 77 0.500000
14 78 0.500000
14 80 0.500000
15 17 0.500000
15 20 0.500000
15 22 0.500000
15 25 0.500000
15 26 0.500000
15 27 0.500000
15 31 0.500000
15 32 0.500000
15 33 0.500000
15 38 0.500000
15 40 0.500000
15 42 0.500000
15 45 0.500000
15 48 0.500000
15 49 0.500000
15 51 0.500000
15 52 0.500000
15 55 0.500000
15 58 0.500000
15 59 0.500000
15 61 0.500000
15 62 0.500000
15 63 0.500000
15 65 0.500000
15 68 0.500000
15 70 0.500000
15 71 0.500000
15 72 0.500000
15 73 0.500000
15 75 0.500000
15 79 0.500000
15 80 0.500000
16 17 0.500000
16 19 0.500000
16 20 0.500000
16 21 0.500000
16 23 0.500000
16 25 0.500000
16 27 0.500000
16 28 0.500000
16 29 0.500000
16 30 0.500000
16 31 0.500000
16 34 0.500000
16 35 0.500000
16 36 0.500000
16 37 0.500000
16 38 0.500000
16 39 0.500000
16 40 0.500000
16 42 0.500000
16 43 0.500000
16 46 0.500000
16 47 0.500000
16 48 0.500000
16 49 0.500000
16 50 0.500000
16 51 0.500000
16 52 0.500000
16 54 0.500000
16 55 0.500000
16 56 0.500000
16 59 0.500000
16 60 0.500000
16 61 0.500000
16 65 0.500000
16 69 0.500000
16 70 0.500000
16 72 0.500000
16 74 0.500000
16 76 0.500000
16 77 0.500000
16 79 0.500000
16 80 0.500000
17 21 0.500000
17 25 0.500000
17 31 0.500000
17 35 0.500000
17 36 0.500000
17 40 0.500000
17 41 0.500000
17 42 0.500000
17 43 0.500000
17 44 0.500000
17 46 0.500000
17 47 0.500000
17 51 0.500000
17 53 0.500000
17 54 0.500000
17 55 0.500000
17 56 0.500000
17 57 0.500000
17 58 0.500000
17 59 0.500000
17 60 0.500000
17 61 0.500000
17 67 0.500000
17 70 0.500000
17 71 0.500000
17 73 0.500000
17 74 0.500000
17 75 0.500000
17 77 0.500000
17 79 0.500000
17 80 0.500000
18 20 0.500000
18 21 0.500000
18 25 0.500000
18 27 0.500000
18 28 0.500000
18 31 0.500000
18 32 0.500000
18 34 0.500000
18 35 0.500000
18 42 0.500000
18 43 0.500000
18 44 0.500000
18 45 0.500000
18 46 0.500000
18 47 0.500000
18 48 0.500000
18 49 0.500000
18 56 0.500000
18 61 0.500000
18 63 0.500000
18 64 0.500000
18 65 0.500000
18 67 0.500000
18 68 0.500000
18 71 0.500000
18 79 0.500000
19 20 0.500000
19 28 0.500000
19 31 0.500000
19 33 0.500000
19 34 0.500000
19 35 0.500000
19 39 0.500000
19 42 0.500000
19 43 0.500000
19 44 0.500000
19 45 0.500000
19 46 0.500000
19 47 0.500000
19 49 0.500000
19 55 0.500000
19 56 0.500000
19 57 0.500000
19 59 0.500000
19 63 0.500000
19 66 0.500000
19 73 0.500000
19 75 0.500000
19 76 0.500000
19 77 0.500000
20 21 0.500000
20 22 0.500000
20 23 0.500000
20 26 0.500000
20 27 0.500000
20 29 0.500000
20 31 0.500000
20 32 0.500000
20 33 0.500000
20 34 0.500000
20 38 0.500000
20 39 0.500000
20 40 0.500000
20 41 0.500000
20 45 0.500000
20 47 0.500000
20 49 0.500000
20 51 0.500000
20 52 0.500000
20 59 0.500000
20 60 0.500000
20 63 0.500000
20 64 0.500000
20 65 0.500000
20 68 0.500000
20 69 0.500000
20 72 0.500000
20 73 0.500000
20 75 0.500000
20 76 0.500000
20 77 0.500000
20 79 0.500000
21 22 0.500000
21 26 0.500000
21 31 0.500000
21 34 0.500000
21 35 0.500000
21 37 0.500000
21 39 0.500000
21 40 0.500000
21 41 0.500000
21 48 0.500000
21 51 0.500000
21 55 0.500000
21 57 0.500000
21 58 0.500000
21 59 0.500000
21 63 0.500000
21 64 0.500000
21 66 0.500000
21 67 0.500000
21 68 0.500000
21 71 0.500000
21 73 0.500000
21 74 0.500000
21 77 0.500000
21 80 0.500000
22 25 0.500000
22 27 0.500000
22 29 0.500000
22 30 0.500000
22 31 0.500000
22 32 0.500000
22 34 0.500000
22 36 0.500000
22 37 0.500000
22 38 0.500000
22 39 0.500000
22 42 0.500000
22 45 0.500000
22 48 0.500000
22 49 0.500000
22 51 0.500000
22 53 0.500000
22 55 0.500000
22 58 0.500000
22 59 0.500000
22 63 0.500000
22 65 0.500000
22 66 0.500000
22 67 0.500000
22 71 0.500000
22 74 0.500000
22 75 0.500000
22 76 0.500000
22 79 0.500000
23 24 0.500000
23 27 0.500000
23 28 0.500000
23 29 0.500000
23 31 0.500000
23 32 0.500000
23 34 0.500000
23 36 0.500000
23 38 0.500000
23 42 0.500000
23 45 0.500000
23 48 0.500000
23 51 0.500000
23 53 0.500000
23 57 0.500000
23 58 0.500000
23 61 0.500000
23 62 0.500000
23 63 0.500000
23 64 0.500000
23 67 0.500000
23 70 0.500000
23 71 0.500000
23 73 0.500000
23 75 0.500000
23 76 0.500000
23 78 0.500000
24 25 0.500000
24 27 0.500000
24 29 0.500000
24 30 0.500000
24 33 0.500000
24 35 0.500000
24 38 0.500000
24 39 0.500000
24 40 0.500000
24 43 0.500000
24 44 0.500000
24 47 0.500000
24 48 0.500000
24 54 0.500000
24 57 0.500000
24 58 0.500000
24 59 0.500000
24 60 0.500000
24 65 0.500000
24 66 0.500000
24 67 0.500000
24 68 0.500000
24 69 0.500000
24 70 0.500000
24 73 0.500000
24 76 0.500000
24 78 0.500000
25 26 0.500000
25 28 0.500000
25 29 0.500000
25 30 0.500000
25 31 0.500000
25 34 0.500000
25 37 0.500000
25 41 0.500000
25 42 0.500000
25 45 0.500000
25 49 0.500000
25 50 0.500000
25 53 0.500000
25 54 0.500000
25 57 0.500000
25 59 0.500000
25 60 0.500000
25 68 0.500000
25 71 0.500000
25 72 0.500000
25 73 0.500000
25 74 0.500000
25 79 0.500000
25 80 0.500000
26 27 0.500000
26 30 0.500000
26 31 0.500000
26 34 0.500000
26 38 0.500000
26 41 0.500000
26 43 0.500000
26 44 0.500000
26 45 0.500000
26 46 0.500000
26 48 0.500000
26 51 0.500000
26 53 0.500000
26 54 0.500000
26 57 0.500000
26 59 0.500000
26 61 0.500000
26 62 0.500000
26 63 0.500000
26 65 0.500000
26 67 0.500000
26 69 0.500000
26 71 0.500000
26 73 0.500000
26 75 0.500000
26 77 0.500000
26 80 0.500000
27 32 0.500000
27 35 0.500000
27 36 0.500000
27 40 0.500000
27 48 0.500000
27 50 0.500000
27 51 0.500000
27 54 0.500000
27 55 0.500000
27 57 0.500000
27 58 0.500000
27 59 0.500000
27 65 0.500000
27 67 0.500000
27 68 0.500000
27 69 0.500000
27 70 0.500000
27 75 0.500000
27 76 0.500000
27 78 0.500000
27 79 0.500000
28 31 0.500000
28 33 0.500000
28 34 0.500000
28 36 0.500000
28 37 0.500000
28 39 0.500000
28 42 0.500000
28 45 0.500000
28 46 0.500000
28 47 0.500000
28 48 0.500000
28 49 0.500000
28 50 0.500000
28 51 0.500000
28 52 0.500000
28 54 0.500000
28 56 0.500000
28 57 0.500000
28 59 0.500000
28 62 0.500000
28 64 0.500000
28 65 0.500000
28 67 0.500000
28 70 0.500000
28 73 0.500000
28 76 0.500000
28 79 0.500000
28 80 0.500000
29 30 0.500000
29 31 0.500000
29 32 0.500000
29 34 0.500000
29 35 0.500000
29 36 0.500000
29 37 0.500000
29 39 0.500000
29 40 0.500000
29 41 0.500000
29 45 0.500000
29 46 0.500000
29 49 0.500000
29 52 0.500000
29 53 0.500000
29 54 0.500000
29 55 0.500000
29 57 0.500000
29 58 0.500000
29 64 0.500000
29 65 0.500000
29 67 0.500000
29 68 0.500000
29 69 0.500000
29 70 0.500000
29 71 0.500000
29 74 0.500000
29 77 0.500000
29 79 0.500000
30 32 0.500000
30 36 0.500000
30 38 0.500000
30 39 0.500000
30 40 0.500000
30 42 0.500000
30 44 0.500000
30 49 0.500000
30 50 0.500000
30 51 0.500000
30 53 0.500000
30 57 0.500000
30 58 0.500000
30 59 0.500000
30 61 0.500000
30 72 0.500000
30 75 0.500000
30 76 0.500000
30 79 0.500000
31 32 0.500000
31 34 0.500000
31 35 0.500000
31 36 0.500000
31 38 0.500000
31 40 0.500000
31 41 0.500000
31 42 0.500000
31 46 0.500000
31 47 0.500000
31 48 0.500000
31 49 0.500000
31 53 0.500000
31 54 0.500000
31 55 0.500000
31 56 0.500000
31 57 0.500000
31 58 0.500000
31 61 0.500000
31 64 0.500000
31 66 0.500000
31 68 0.500000
31 74 0.500000
31 75 0.500000
31 76 0.500000
31 77 0.500000
31 79 0.500000
32 33 0.500000
32 37 0.500000
32 41 0.500000
32 43 0.500000
32 44 0.500000
32 45 0.500000
32 47 0.500000
32 48 0.500000
32 51 0.500000
32 52 0.500000
32 53 0.500000
32 54 0.500000
32 55 0.500000
32 57 0.500000
32 60 0.500000
32 66 0.500000
32 68 0.500000
32 69 0.500000
32 71 0.500000
32 72 0.500000
32 79 0.500000
32 80 0.500000
33 34 0.500000
33 37 0.500000
33 38 0.500000
33 39 0.500000
33 40 0.500000
33 43 0.500000
33 45 0.500000
33 48 0.500000
33 49 0.500000
33 50 0.500000
33 51 0.500000
33 52 0.500000
33 55 0.500000
33 59 0.500000
33 60 0.500000
33 61 0.500000
33 70 0.500000
33 72 0.500000
33 73 0.500000
33 76 0.500000
34 37 0.500000
34 38 0.500000
34 39 0.500000
34 46 0.500000
34 48 0.500000
34 51 0.500000
34 53 0.500000
34 54 0.500000
34 57 0.500000
34 60 0.500000
34 62 0.500000
34 63 0.500000
34 66 0.500000
34 68 0.500000
34 69 0.500000
34 70 0.500000
34 74 0.500000
34 75 0.500000
34 76 0.500000
34 78 0.500000
34 79 0.500000
35 36 0.500000
35 37 0.500000
35 38 0.500000
35 40 0.500000
35 42 0.500000
35 43 0.500000
35 44 0.500000
35 45 0.500000
35 46 0.500000
35 49 0.500000
35 54 0.500000
35 58 0.500000
35 59 0.500000
35 60 0.500000
35 62 0.500000
35 65 0.500000
35 67 0.500000
35 69 0.500000
35 73 0.500000
35 75 0.500000
35 76 0.500000
35 79 0.500000
35 80 0.500000
36 37 0.500000
36 38 0.500000
36 40 0.500000
36 43 0.500000
36 44 0.500000
36 45 0.500000
36 46 0.500000
36 47 0.500000
36 48 0.500000
36 50 0.500000
36 55 0.500000
36 56 0.500000
36 60 0.500000
36 62 0.500000
36 63 0.500000
36 65 0.500000
36 71 0.500000
36 72 0.500000
36 77 0.500000
36 79 0.500000
37 39 0.500000
37 40 0.500000
37 41 0.500000
37 42 0.500000
37 43 0.500000
37 44 0.500000
37 46 0.500000
37 52 0.500000
37 55 0.500000
37 56 0.500000
37 57 0.500000
37 59 0.500000
37 61 0.500000
37 62 0.500000
37 63 0.500000
37 64 0.500000
37 67 0.500000
37 69 0.500000
37 71 0.500000
37 72 0.500000
37 74 0.500000
37 75 0.500000
37 76 0.500000
37 77 0.500000
38 40 0.500000
38 43 0.500000
38 44 0.500000
38 45 0.500000
38 48 0.500000
38 50 0.500000
38 53 0.500000
38 56 0.500000
38 58 0.500000
38 60 0.500000
38 61 0.500000
38 63 0.500000
38 66 0.500000
38 67 0.500000
38 68 0.500000
38 71 0.500000
38 72 0.500000
38 75 0.500000
38 76 0.500000
39 40 0.500000
39 41 0.500000
39 45 0.500000
39 48 0.500000
39 51 0.500000
39 57 0.500000
39 63 0.500000
39 65 0.500000
39 69 0.500000
39 70 0.500000
39 71 0.500000
39 72 0.500000
39 73 0.500000
39 74 0.500000
39 75 0.500000
39 77 0.500000
39 78 0.500000
40 41 0.500000
40 43 0.500000
40 44 0.500000
40 45 0.500000
40 48 0.500000
40 49 0.500000
40 54 0.500000
40 55 0.500000
40 56 0.500000
40 57 0.500000
40 58 0.500000
40 60 0.500000
40 61 0.500000
40 62 0.500000
40 65 0.500000
40 66 0.500000
40 68 0.500000
40 70 0.500000
40 71 0.500000
40 73 0.500000
40 76 0.500000
40 77 0.500000
40 78 0.500000
40 79 0.500000
40 80 0.500000
41 42 0.500000
41 43 0.500000
41 44 0.500000
41 47 0.500000
41 51 0.500000
41 53 0.500000
41 54 0.500000
41 62 0.500000
41 63 0.500000
41 67 0.500000
41 70 0.500000
41 72 0.500000
41 73 0.500000
41 76 0.500000
41 79 0.500000
41 80 0.500000
42 46 0.500000
42 47 0.500000
42 50 0.500000
42 52 0.500000
42 53 0.500000
42 58 0.500000
42 62 0.500000
42 64 0.500000
42 65 0.500000
42 66 0.500000
42 67 0.500000
42 70 0.500000
42 71 0.500000
42 72 0.500000
42 73 0.500000
42 74 0.500000
42 77 0.500000
42 79 0.500000
43 50 0.500000
43 54 0.500000
43 55 0.500000
43 57 0.500000
43 58 0.500000
43 62 0.500000
43 63 0.500000
43 64 0.500000
43 66 0.500000
43 68 0.500000
43 71 0.500000
43 77 0.500000
43 78 0.500000
44 50 0.500000
44 51 0.500000
44 55 0.500000
44 60 0.500000
44 61 0.500000
44 63 0.500000
44 64 0.500000
44 66 0.500000
44 67 0.500000
44 68 0.500000
44 69 0.500000
44 76 0.500000
44 77 0.500000
44 78 0.500000
44 79 0.500000
45 46 0.500000
45 48 0.500000
45 50 0.500000
45 52 0.500000
45 53 0.500000
45 54 0.500000
45 55 0.500000
45 56 0.500000
45 59 0.500000
45 60 0.500000
45 61 0.500000
45 62 0.500000
45 63 0.500000
45 66 0.500000
45 67 0.500000
45 68 0.500000
45 69 0.500000
45 71 0.500000
45 72 0.500000
45 73 0.500000
45 75 0.500000
45 76 0.500000
45 77 0.500000
45 78 0.500000
45 79 0.500000
45 80 0.500000
46 47 0.500000
46 49 0.500000
46 52 0.500000
46 53 0.500000
46 54 0.500000
46 56 0.500000
46 58 0.500000
46 61 0.500000
46 63 0.500000
46 65 0.500000
46 66 0.500000
46 67 0.500000
46 69 0.500000
46 70 0.500000
46 77 0.500000
46 79 0.500000
46 80 0.500000
47 50 0.500000
47 51 0.500000
47 53 0.500000
47 56 0.500000
47 57 0.500000
47 58 0.500000
47 59 0.500000
47 63 0.500000
47 64 0.500000
47 65 0.500000
47 66 0.500000
47 69 0.500000
47 70 0.500000
47 73 0.500000
47 74 0.500000
47 76 0.500000
47 77 0.500000
47 80 0.500000
48 49 0.500000
48 55 0.500000
48 56 0.500000
48 59 0.500000
48 61 0.500000
48 63 0.500000
48 64 0.500000
48 65 0.500000
48 67 0.500000
48 70 0.500000
48 73 0.500000
48 74 0.500000
48 76 0.500000
48 78 0.500000
48 79 0.500000
48 80 0.500000
49 51 0.500000
49 52 0.500000
49 54 0.500000
49 55 0.500000
49 56 0.500000
49 58 0.500000
49 59 0.500000
49 62 0.500000
49 66 0.500000
49 68 0.500000
49 71 0.500000
49 72 0.500000
49 74 0.500000
49 75 0.500000
49 80 0.500000
50 51 0.500000
50 52 0.500000
50 54 0.500000
50 56 0.500000
50 57 0.500000
50 58 0.500000
50 60 0.500000
50 64 0.500000
50 65 0.500000
50 69 0.500000
50 71 0.500000
50 72 0.500000
50 75 0.500000
50 76 0.500000
50 77 0.500000
50 78 0.500000
50 79 0.500000
51 52 0.500000
51 53 0.500000
51 54 0.500000
51 56 0.500000
51 59 0.500000
51 60 0.500000
51 63 0.500000
51 68 0.500000
51 71 0.500000
51 72 0.500000
51 78 0.500000
51 79 0.500000
52 53 0.500000
52 55 0.500000
52 56 0.500000
52 57 0.500000
52 59 0.500000
52 60 0.500000
52 61 0.500000
52 62 0.500000
52 63 0.500000
52 64 0.500000
52 69 0.500000
52 70 0.500000
52 74 0.500000
52 75 0.500000
52 76 0.500000
52 80 0.500000
53 57 0.500000
53 65 0.500000
53 71 0.500000
53 72 0.500000
53 73 0.500000
53 74 0.500000
53 76 0.500000
53 79 0.500000
53 80 0.500000
54 57 0.500000
54 59 0.500000
54 60 0.500000
54 62 0.500000
54 66 0.500000
54 67 0.500000
54 68 0.500000
54 70 0.500000
54 76 0.500000
54 77 0.500000
54 78 0.500000
54 79 0.500000
55 57 0.500000
55 58 0.500000
55 59 0.500000
55 62 0.500000
55 63 0.500000
55 65 0.500000
55 66 0.500000
55 67 0.500000
55 68 0.500000
55 69 0.500000
55 74 0.500000
55 77 0.500000
55 79 0.500000
56 57 0.500000
56 60 0.500000
56 61 0.500000
56 62 0.500000
56 64 0.500000
56 65 0.500000
56 67 0.500000
56 70 0.500000
56 74 0.500000
56 75 0.500000
56 77 0.500000
56 78 0.500000
56 79 0.500000
57 58 0.500000
57 61 0.500000
57 62 0.500000
57 64 0.500000
57 65 0.500000
57 66 0.500000
57 69 0.500000
57 72 0.500000
57 73 0.500000
57 76 0.500000
57 78 0.500000
57 79 0.500000
57 80 0.500000
58 60 0.500000
58 61 0.500000
58 65 0.500000
58 66 0.500000
58 68 0.500000
58 69 0.500000
58 70 0.500000
58 76 0.500000
58 78 0.500000
59 61 0.500000
59 64 0.500000
59 66 0.500000
59 67 0.500000
59 71 0.500000
59 74 0.500000
59 77 0.500000
60 61 0.500000
60 64 0.500000
60 66 0.500000
60 67 0.500000
60 68 0.500000
60 69 0.500000
60 71 0.500000
60 72 0.500000
60 73 0.500000
60 76 0.500000
60 77 0.500000
60 79 0.500000
60 80 0.500000
61 64 0.500000
61 65 0.500000
61 66 0.500000
61 72 0.500000
61 75 0.500000
61 78 0.500000
61 80 0.500000
62 63 0.500000
62 64 0.500000
62 66 0.500000
62 67 0.500000
62 71 0.500000
62 76 0.500000
62 77 0.500000
62 78 0.500000
63 66 0.500000
63 68 0.500000
63 69 0.500000
63 72 0.500000
63 74 0.500000
63 75 0.500000
63 76 0.500000
63 78 0.500000
63 79 0.500000
64 65 0.500000
64 66 0.500000
64 67 0.500000
64 68 0.500000
64 70 0.500000
64 72 0.500000
64 80 0.500000
65 66 0.500000
65 67 0.500000
65 69 0.500000
65 70 0.500000
65 73 0.500000
65 74 0.500000
65 75 0.500000
65 77 0.500000
65 79 0.500000
65 80 0.500000
66 67 0.500000
66 68 0.500000
66 69 0.500000
66 72 0.500000
66 73 0.500000
66 76 0.500000
66 77 0.500000
66 78 0.500000
66 79 0.500000
66 80 0.500000
67 69 0.500000
67 70 0.500000
67 71 0.500000
67 78 0.500000
67 79 0.500000
68 70 0.500000
68 73 0.500000
68 74 0.500000
68 75 0.500000
68 77 0.500000
68 78 0.500000
68 79 0.500000
69 70 0.500000
69 71 0.500000
69 77 0.500000
69 78 0.500000
69 80 0.500000
70 74 0.500000
70 76 0.500000
70 77 0.500000
70 78 0.500000
71 73 0.500000
71 74 0.500000
71 76 0.500000
71 80 0.500000
72 74 0.500000
72 77 0.500000
72 79 0.500000
73 78 0.500000
74 78 0.500000
74 79 0.500000
75 78 0.500000
75 80 0.500000
76 78 0.500000
76 79 0.500000
76 80 0.500000
77 79 0.500000
79 80 0.500000
